0 0.504352 0.539320 0.049767 0.133840 21.5500 0.2500580181016477
0 0.322142 0.591027 0.152770 0.224240 13.7500 0.15954977953121371
0 0.372327 0.539947 0.084283 0.140267 21.8200 0.25319099559062425
0 0.392029 0.522573 0.082029 0.119280 24.8300 0.2881178927825481
0 0.414573 0.500520 0.066441 0.086213 32.4900 0.37700162450684616
1 0.850725 0.749400 0.116216 0.495867 4.7100 0.054653051752146665
0 0.767758 0.689493 0.208671 0.369227 9.5300 0.11058250174054303
0 0.659726 0.598587 0.106345 0.208640 14.8900 0.17277790670689255
0 0.618466 0.543227 0.077786 0.183467 20.2000 0.2343931306567649
1 0.565004 0.510867 0.013148 0.097360 32.5500 0.37769784172661863
0 0.667895 0.510227 0.084952 0.108613 31.8300 0.36934323508934785
0 0.101820 0.612320 0.203639 0.271893 12.0400 0.1397075887676955
0 0.215833 0.555507 0.119042 0.178267 17.2300 0.19993037827802274
0 0.500318 0.501427 0.028833 0.087067 35.6700 0.41390113715479226
0 0.268623 0.539280 0.073720 0.141920 21.6900 0.2516825249477837
0 0.044944 0.548187 0.089887 0.187147 17.4300 0.2022511023439313
