1 0.982407 0.608760 0.033575 0.638640 5.1200 0.05941053608725922
2 0.114779 0.719400 0.170668 0.555867 5.5000 0.06381991181248549
0 0.835773 0.720973 0.326844 0.552720 5.1200 0.05941053608725922
0 0.661405 0.615227 0.153615 0.405333 10.2400 0.11882107217451844
0 0.601699 0.541587 0.094670 0.265360 15.5800 0.1807844047342771
0 0.574175 0.535480 0.056111 0.162373 21.1700 0.24564864237642145
1 0.534819 0.481107 0.013148 0.104347 35.5400 0.41239266651195167
1 0.538555 0.484880 0.011538 0.100587 36.2200 0.4202831283360408
0 0.439336 0.486733 0.023889 0.079173 47.5100 0.5512880018565792
1 0.491860 0.478640 0.008325 0.066293 52.3100 0.6069853794383847
0 0.371904 0.538093 0.054372 0.126427 24.8400 0.28823392898584355
0 0.110149 0.762373 0.220298 0.469920 7.1300 0.08273381294964029
0 0.239601 0.649347 0.161892 0.306640 12.3000 0.14272453005337665
0 0.317971 0.571147 0.093027 0.202507 17.7100 0.2055001160362033
