0 0.506212 0.587307 0.063937 0.176160 17.1400 0.19888605244836388
0 0.196320 0.566773 0.094428 0.149867 22.8300 0.2649106521234625
2 0.768265 0.586200 0.105773 0.249520 13.4600 0.1561847296356463
1 0.370145 0.569267 0.020403 0.239707 15.3700 0.1783476444650731
0 0.372319 0.549480 0.085974 0.138320 24.0700 0.2792991413320956
0 0.397593 0.539960 0.078277 0.095493 30.3000 0.35158969598514733
0 0.419605 0.524653 0.056924 0.080987 37.5600 0.4358319795776282
0 0.439952 0.507867 0.041900 0.054880 51.1300 0.5932931074495242
0 0.483792 0.535120 0.034976 0.105867 29.7100 0.3447435599907171
0 0.289030 0.514147 0.046755 0.070320 42.8600 0.4973311673242051
