0 0.931747 0.565053 0.134895 0.338373 13.6100 0.15792527268507772
0 0.031791 0.753413 0.063583 0.487840 4.9800 0.05778602924112323
0 0.080447 0.700373 0.160894 0.422240 7.7300 0.08969598514736597
0 0.134960 0.613440 0.269919 0.373600 10.0300 0.11638431190531444
0 0.271699 0.552160 0.166731 0.218560 16.2300 0.18832675794847992
0 0.296349 0.553053 0.150588 0.159227 18.3200 0.2125783244372244
0 0.187729 0.589627 0.222254 0.242933 13.0800 0.15177535391042005
0 0.403172 0.505947 0.079211 0.081920 34.3300 0.3983522859132049
0 0.865946 0.516187 0.124243 0.169707 21.5200 0.24970990949176142
0 0.580700 0.516147 0.084976 0.100027 30.1100 0.3493850081225342
