0 0.181856 0.768560 0.271844 0.457547 8.0600 0.09352517985611511
0 0.048237 0.779320 0.096473 0.436027 2.4200 0.028080761197493614
0 0.729235 0.569147 0.147440 0.259413 13.4300 0.15583662102576
0 0.335137 0.618707 0.112093 0.246373 14.1700 0.16442330006962172
0 0.397524 0.573560 0.061940 0.151333 20.4400 0.2371779995358552
0 0.417186 0.557533 0.050201 0.122320 25.4500 0.2953121373868647
0 0.558056 0.541293 0.046465 0.132507 24.9500 0.28951032722209324
0 0.712911 0.525493 0.160507 0.174933 17.6000 0.20422371779995357
0 0.573603 0.534080 0.052552 0.106933 29.2400 0.3392898584358319
0 0.603748 0.516867 0.054340 0.099173 33.0300 0.3832675794847992
