1 0.266856 0.480440 0.013148 0.116667 29.9600 0.3476444650731028
1 0.343901 0.478240 0.008591 0.085120 39.8000 0.4618240891158041
1 0.265717 0.461040 0.009662 0.090400 40.7900 0.4733116732420515
0 0.817242 0.546653 0.087190 0.128507 23.9600 0.2780227430958459
0 0.881381 0.550013 0.097399 0.123067 23.8600 0.27686238106289157
0 0.934215 0.551720 0.100974 0.124613 24.4800 0.28405662566720813
1 0.283321 0.461133 0.009396 0.096720 39.7500 0.46124390809932697
1 0.332645 0.562573 0.027110 0.238640 13.5100 0.15676491065212345
1 0.424605 0.550333 0.042142 0.262480 13.9300 0.16163843119053142
2 0.588188 0.563760 0.086586 0.312533 11.9100 0.13819911812485494
2 0.122895 0.650000 0.117045 0.491733 7.7700 0.09016012996054767
0 0.498917 0.495453 0.029058 0.075227 37.7000 0.4374564864237642
1 0.245390 0.468173 0.012343 0.105360 34.2800 0.39777210489672776
1 0.182995 0.467213 0.008857 0.117040 30.9300 0.3588999767927593
1 0.811401 0.511773 0.016103 0.097307 35.4600 0.4114643768855883
