0 0.933458 0.773040 0.131473 0.448587 1.5700 0.018217683917382224
0 0.871606 0.680253 0.255177 0.634160 7.0900 0.08226966813645857
0 0.289642 0.550080 0.066981 0.125227 25.5300 0.2962404270132281
0 0.214742 0.529493 0.083994 0.171253 25.4300 0.29508006498027384
0 0.384444 0.502133 0.034750 0.091093 32.3900 0.3758412624738918
0 0.589070 0.516240 0.062955 0.116053 27.5900 0.3201438848920863
0 0.475765 0.476040 0.027262 0.078853 44.0500 0.5111394755163611
0 0.633349 0.506240 0.065700 0.122507 28.2800 0.32815038291947085
0 0.084300 0.566027 0.108776 0.133653 25.3100 0.29368763054072866
0 0.013233 0.568653 0.026465 0.108933 25.0700 0.2909027616616384
