0 0.484002 0.541653 0.045797 0.123307 23.2600 0.2699002088651659
0 0.140576 0.768267 0.281151 0.458133 3.1200 0.03620329542817359
0 0.262846 0.749227 0.219026 0.461120 7.8300 0.09085634718032025
0 0.145056 0.694787 0.175620 0.337573 9.7900 0.11359944302622416
0 0.212854 0.623627 0.140330 0.239893 13.2000 0.15316778834996517
0 0.313031 0.558947 0.097641 0.145467 20.5400 0.23833836156880944
0 0.335431 0.540840 0.089944 0.139173 23.4200 0.2717567881178928
0 0.367323 0.526813 0.064501 0.091173 31.3700 0.36400556973775816
0 0.439336 0.525613 0.037110 0.087653 30.7800 0.3571594337433279
0 0.397214 0.504200 0.059694 0.076293 41.5600 0.4822464608957995
0 0.853623 0.749613 0.291143 0.495440 3.9700 0.04606637270828498
0 0.559457 0.548227 0.053631 0.132507 22.0900 0.2563239730796008
1 0.607488 0.508773 0.011272 0.130187 26.7500 0.31039684381527033
0 0.089090 0.564320 0.119179 0.134560 22.0800 0.2562079368763054
0 0.488261 0.513120 0.028969 0.087573 35.5000 0.41192852169877
0 0.249758 0.515600 0.048744 0.079573 37.0200 0.4295660245996751
