0 0.667794 0.610280 0.122850 0.251600 13.2300 0.15351589695985146
0 0.515797 0.494560 0.057890 0.066880 42.8400 0.4970990949176143
1 0.398543 0.514147 0.012077 0.117413 28.6400 0.33232768623810627
2 0.707669 0.527040 0.054308 0.140267 22.6600 0.2629380366674402
0 0.669565 0.479413 0.056779 0.069867 45.8300 0.5317939197029472
0 0.811961 0.470693 0.074291 0.067467 43.8600 0.5089347876537479
0 0.332383 0.511613 0.051159 0.069520 43.0900 0.5
0 0.221836 0.515507 0.045813 0.065093 46.3500 0.5378278022743096
0 0.483768 0.487773 0.017697 0.040133 72.1400 0.8370851705732187
0 0.456111 0.487973 0.020580 0.040960 72.8600 0.8454397772104896
