0 0.331272 0.606933 0.125862 0.266400 12.6500 0.14678579716871662
2 0.918027 0.457907 0.089581 0.224347 15.1800 0.17614295660245996
2 0.830970 0.454987 0.061522 0.174880 20.6300 0.2393826873984683
1 0.465958 0.512107 0.025974 0.180480 19.5700 0.22708284984915292
2 0.654042 0.465533 0.035749 0.107440 30.7600 0.356927361336737
1 0.334070 0.521920 0.019847 0.204533 17.0200 0.19749361800881873
2 0.703048 0.464587 0.023180 0.122187 27.5300 0.31944766767231375
1 0.171316 0.549680 0.026433 0.153707 21.4800 0.2492457646785797
1 0.164400 0.556987 0.024259 0.148640 20.9100 0.24263170109074028
2 0.260954 0.546373 0.065725 0.194933 17.2500 0.20016245068461358
1 0.206147 0.548787 0.022778 0.154213 20.0300 0.23242051520074264
1 0.182424 0.556093 0.025717 0.190747 18.3200 0.2125783244372244
1 0.277448 0.529360 0.016296 0.190827 19.6300 0.22777906706892548
0 0.950225 0.420560 0.068953 0.107573 28.6000 0.3318635414249246
0 0.879742 0.450013 0.103688 0.091440 28.3300 0.32873056393594796
