0 0.131896 0.727947 0.218994 0.381600 9.7500 0.11313529821304245
0 0.354267 0.623947 0.095105 0.229440 14.9200 0.17312601531677882
0 0.246333 0.644360 0.127335 0.245360 14.0500 0.16303086563007657
2 0.676614 0.608240 0.093567 0.262613 11.7900 0.1368066836853098
0 0.946401 0.542067 0.105588 0.271600 13.0300 0.15119517289394288
2 0.707826 0.627560 0.103269 0.309360 10.2400 0.11882107217451844
0 0.420624 0.544480 0.039638 0.113067 29.1700 0.33847760501276397
0 0.450024 0.511560 0.016039 0.048773 62.8900 0.7297516825249477
0 0.546421 0.524400 0.073808 0.096320 34.2000 0.39684381527036433
0 0.518953 0.508120 0.051095 0.070693 47.9400 0.5562775585982825
