0 0.484444 0.501307 0.019791 0.062347 50.0200 0.5804130888837317
0 0.371107 0.603107 0.088961 0.212453 15.3100 0.17765142724530053
0 0.884312 0.754667 0.229767 0.485333 2.7200 0.031561847296356464
0 0.756111 0.733320 0.286296 0.528027 7.1000 0.08238570433975399
0 0.637053 0.628027 0.116651 0.338987 11.0500 0.12822000464144814
0 0.566373 0.554533 0.062182 0.155467 20.7100 0.24031097702483173
0 0.529513 0.517253 0.029428 0.085013 36.0300 0.4180784404734277
0 0.549907 0.535467 0.045628 0.127787 25.8400 0.29983754931538636
0 0.311260 0.533627 0.063019 0.076107 40.5500 0.4705268043629612
0 0.231498 0.536787 0.070918 0.079440 40.5000 0.46994662334648407
0 0.515266 0.501587 0.019936 0.055333 54.5100 0.6325133441633789
1 0.682637 0.554560 0.030862 0.283840 12.6900 0.14724994198189834
