0 0.169614 0.743987 0.339227 0.506693 4.3600 0.050591784636806685
0 0.881590 0.754320 0.235209 0.486027 2.3300 0.027036435367834764
0 0.696578 0.754200 0.217456 0.486267 7.7100 0.08946391274077511
0 0.320217 0.698920 0.144992 0.393520 9.5600 0.11093061035042934
0 0.375874 0.615107 0.090266 0.222640 14.6300 0.1697609654212114
0 0.600539 0.604040 0.097955 0.238160 14.3700 0.16674402413553027
0 0.560491 0.571733 0.063913 0.166240 19.4300 0.22545834300301693
0 0.433583 0.541453 0.039710 0.108293 29.9700 0.3477605012763982
0 0.451385 0.515613 0.033752 0.110693 35.5100 0.4120445579020654
0 0.467114 0.514147 0.030089 0.089947 41.5200 0.4817823160826178
