0 0.947436 0.668547 0.103519 0.657573 0.8800 0.010211185889997679
0 0.823748 0.732947 0.350894 0.528773 5.7100 0.06625667208168948
0 0.582134 0.592880 0.100853 0.216267 14.8300 0.17208168948711997
2 0.346389 0.568280 0.027705 0.193787 18.4200 0.21373868647017868
0 0.293780 0.599333 0.080153 0.174560 17.5200 0.20329542817359014
0 0.523486 0.535627 0.066119 0.164480 21.8800 0.25388721281039683
0 0.470109 0.527280 0.038221 0.090667 33.9000 0.39336272917150145
0 0.348253 0.527947 0.029356 0.073973 38.8400 0.450684613599443
0 0.445668 0.513347 0.026602 0.068293 43.7200 0.5073102808076119
1 0.331900 0.500160 0.009147 0.073067 47.9800 0.5567417034114643
1 0.325886 0.511747 0.006216 0.073253 47.8300 0.5550011603620328
2 0.373217 0.551827 0.025274 0.167867 20.5000 0.23787421675562773
