0 0.861341 0.770893 0.275709 0.452880 3.6100 0.041889069389649564
0 0.069952 0.758587 0.139903 0.477493 6.6200 0.07681596658157344
0 0.109614 0.682627 0.219227 0.351333 9.1300 0.10594105360872592
0 0.158752 0.625813 0.224879 0.296267 11.5800 0.13436992341610582
0 0.619493 0.608880 0.118325 0.247413 13.3500 0.15490833139939658
0 0.293800 0.583173 0.159517 0.176907 17.2000 0.19958226966813644
0 0.567947 0.539987 0.056683 0.119707 24.1000 0.27964724994198187
0 0.304155 0.559560 0.120145 0.159707 19.7500 0.22917150150847063
0 0.324098 0.531307 0.096296 0.155413 22.2300 0.25794847992573683
0 0.535024 0.497173 0.028873 0.082453 43.6300 0.5062659549779531
