0 0.489952 0.510320 0.018969 0.059787 52.0900 0.6044325829658853
0 0.822303 0.766120 0.353784 0.462427 5.6400 0.06544441865862148
0 0.660970 0.658573 0.151457 0.335120 10.6900 0.1240427013228127
0 0.454557 0.516653 0.021691 0.059973 49.0600 0.5692736133673706
0 0.578108 0.564840 0.058213 0.151973 21.0000 0.24367602692039914
0 0.557033 0.541800 0.050121 0.135440 25.4800 0.29566024599675095
0 0.532166 0.509533 0.029855 0.078693 39.0400 0.45300533766535156
0 0.370576 0.516320 0.041441 0.051893 58.9800 0.6843815270364353
0 0.315523 0.521053 0.046602 0.054160 58.9200 0.6836853098166628
1 0.588772 0.510893 0.013374 0.126160 28.1500 0.32664191227663025
