0 0.602311 0.599840 0.083816 0.194560 15.8500 0.18391738222325363
0 0.122963 0.768653 0.245926 0.462693 4.5800 0.0531445811093061
0 0.346389 0.597813 0.096900 0.224373 15.2600 0.17707124622882336
0 0.536111 0.523387 0.034364 0.085227 35.2100 0.40856347180320257
0 0.188788 0.601173 0.129187 0.208427 15.5100 0.17997215131120908
0 0.392307 0.557493 0.058060 0.134880 23.4600 0.27222093293107447
0 0.303905 0.557760 0.061916 0.116800 25.7300 0.29856115107913667
0 0.346719 0.534240 0.040926 0.084907 34.6400 0.4019494082153632
0 0.431993 0.516533 0.024420 0.059573 46.4000 0.5384079832907867
0 0.483845 0.511293 0.020105 0.062480 50.8300 0.5898120213506614
0 0.506208 0.503840 0.012464 0.041493 69.0500 0.8012299837549315
