1 0.656473 0.699267 0.051514 0.540773 6.5900 0.07646785797168716
1 0.743056 0.682027 0.079122 0.572000 6.5600 0.07611974936180087
1 0.196204 0.686640 0.057866 0.501227 7.4200 0.0860988628452077
1 0.460157 0.565267 0.031312 0.262800 13.5700 0.15746112787189603
1 0.596534 0.531813 0.024018 0.209280 16.4800 0.1912276630308656
1 0.831063 0.568333 0.047971 0.322640 10.6500 0.123578556509631
1 0.951675 0.540680 0.052464 0.339280 10.5100 0.121954049663495
1 0.788031 0.534067 0.030491 0.262853 13.0500 0.15142724530053375
1 0.421985 0.534693 0.016787 0.148373 22.4300 0.2602692039916454
1 0.406490 0.528413 0.016924 0.150533 22.8200 0.26479461592016706
0 0.460250 0.479013 0.020886 0.069493 52.9300 0.6141796240427013
0 0.396892 0.507213 0.057230 0.163920 27.2200 0.31585054537015544
