0 0.751703 0.732227 0.278092 0.530213 7.4300 0.08621489904850313
0 0.038575 0.714947 0.077150 0.341360 9.5400 0.11069853794383847
0 0.624718 0.584107 0.104895 0.259040 13.6000 0.1578092364817823
0 0.300012 0.635547 0.117786 0.246080 14.0500 0.16303086563007657
0 0.357258 0.567173 0.074420 0.191253 19.4100 0.22522627059642608
0 0.568748 0.538613 0.057625 0.148533 22.0600 0.25597586446971454
0 0.392959 0.552733 0.052134 0.141840 25.0600 0.29078672545834294
0 0.557842 0.528693 0.050338 0.109013 28.4700 0.330355070782084
0 0.514452 0.504480 0.019726 0.050613 57.4800 0.6669760965421211
0 0.436538 0.512627 0.020821 0.045307 60.1200 0.6976096542121141
