2 0.730310 0.605133 0.041006 0.240293 15.1900 0.17625899280575538
2 0.310648 0.722413 0.199944 0.523173 4.5800 0.0531445811093061
2 0.584642 0.595587 0.034098 0.207760 16.5500 0.19203991645393362
1 0.260632 0.533733 0.012617 0.131947 28.4400 0.3300069621721977
1 0.276220 0.535600 0.013422 0.114080 27.9000 0.3237410071942446
2 0.551349 0.538453 0.027850 0.102827 34.9000 0.40496634950104426
1 0.382407 0.533160 0.012882 0.121893 29.2200 0.3390577860292411
1 0.375129 0.535160 0.014767 0.102907 30.2900 0.3514736597818519
1 0.568611 0.531813 0.010733 0.105653 32.1300 0.37282432118821074
1 0.589026 0.554453 0.018519 0.106987 31.7900 0.3688790902761661
