1 0.622339 0.640747 0.044291 0.384907 9.3100 0.10802970526804363
1 0.321892 0.612080 0.034396 0.320160 11.2400 0.13042469250406125
1 0.256111 0.612680 0.029823 0.307653 11.4200 0.13251334416337895
1 0.763889 0.600653 0.036151 0.330053 10.1900 0.11824089115804129
1 0.720479 0.594293 0.042697 0.324107 10.6900 0.1240427013228127
1 0.535511 0.546880 0.022166 0.198987 18.7500 0.2175678811789278
1 0.626570 0.637280 0.046602 0.336587 10.0600 0.11673242051520073
1 0.590600 0.617680 0.029428 0.291253 11.7200 0.1359944302622418
1 0.573370 0.600933 0.029187 0.260213 13.1400 0.1524715711301926
1 0.636755 0.571680 0.043205 0.255467 14.0000 0.16245068461359943
1 0.649767 0.545400 0.023623 0.209520 17.2800 0.20051055929449987
0 0.461333 0.526680 0.039203 0.100027 32.3800 0.3757252262705964
