0 0.471900 0.544453 0.045233 0.136587 24.6300 0.28579716871663957
0 0.051904 0.684680 0.103808 0.377200 8.1400 0.09445346948247853
0 0.182154 0.737760 0.313390 0.524480 6.9800 0.08099326990020886
0 0.258281 0.562000 0.092552 0.177493 20.0500 0.23265258760733348
0 0.397866 0.556627 0.064348 0.163653 21.5500 0.2500580181016477
0 0.340145 0.532533 0.045233 0.092213 32.4800 0.3768855883035506
0 0.221059 0.545440 0.070523 0.110773 27.1300 0.3148062195404966
0 0.419477 0.529813 0.035314 0.087733 34.6800 0.40241355302854487
0 0.435499 0.514613 0.024171 0.058987 47.4400 0.5504757484335112
0 0.309630 0.520400 0.038953 0.074507 41.0600 0.4764446507310281
0 0.067118 0.594947 0.134235 0.186213 16.8500 0.19552100255279647
