0 0.143337 0.762827 0.286675 0.469013 3.2300 0.037479693664423296
0 0.574066 0.571293 0.086473 0.196187 16.8900 0.19598514736597816
0 0.201848 0.746253 0.266546 0.502160 7.7900 0.09039220236713855
1 0.118003 0.665453 0.048696 0.500453 7.2600 0.08424228359248084
1 0.189388 0.623827 0.028245 0.361413 9.8400 0.11417962404270131
0 0.429718 0.517013 0.037488 0.109653 30.3300 0.3519378045950336
0 0.533853 0.517560 0.045451 0.113680 29.2400 0.3392898584358319
1 0.209448 0.641240 0.024501 0.368827 9.5300 0.11058250174054303
0 0.443937 0.509653 0.025282 0.066987 44.0800 0.5114875841262473
0 0.512633 0.494733 0.023398 0.080560 46.2700 0.5368995126479461
