0 0.173011 0.600080 0.162061 0.194187 15.5800 0.1807844047342771
0 0.254126 0.562387 0.113374 0.155333 21.0000 0.24367602692039914
0 0.282480 0.544200 0.100918 0.134587 23.9300 0.2776746344859596
0 0.322770 0.529133 0.090145 0.117573 29.5000 0.34230679972151307
0 0.340250 0.528600 0.072818 0.094533 32.4100 0.37607333488048267
0 0.358096 0.520027 0.053454 0.084267 39.7200 0.46089579948944065
0 0.373603 0.519160 0.056659 0.066213 43.1000 0.5001160362032954
0 0.380946 0.503200 0.049605 0.074667 45.3300 0.5259921095381759
0 0.391944 0.501920 0.049815 0.066987 48.2700 0.5601067533070317
0 0.400040 0.501067 0.047440 0.060800 52.9500 0.6144116964492922
