0 0.494328 0.522827 0.040926 0.110293 25.8200 0.2996054769087955
0 0.107754 0.692773 0.215507 0.440960 8.5600 0.09932699002088652
0 0.269521 0.580173 0.123132 0.184560 16.4200 0.19053144581109308
0 0.405439 0.592147 0.078011 0.184507 15.8800 0.18426549083313992
0 0.431824 0.555560 0.060395 0.145893 20.9900 0.24355999071710369
0 0.360954 0.517627 0.088736 0.122187 26.7300 0.3101647714086795
0 0.759440 0.756893 0.266095 0.480880 7.0700 0.08203759572986771
1 0.724275 0.575253 0.037842 0.306293 11.6400 0.13506614063587838
0 0.544247 0.509693 0.036771 0.097413 30.8000 0.35739150614991877
0 0.257343 0.510453 0.052609 0.079893 36.9200 0.4284056625667208
0 0.482673 0.503840 0.027633 0.083520 37.1300 0.4308424228359248
0 0.105081 0.545173 0.103108 0.134773 22.6000 0.26224181944766767
