0 0.144400 0.750933 0.288800 0.492800 3.4600 0.04014852634021814
0 0.278535 0.730387 0.231079 0.459493 8.3700 0.09712230215827336
0 0.560954 0.548293 0.060813 0.145493 22.0100 0.25539568345323743
0 0.781071 0.744680 0.343655 0.505307 6.1800 0.0717103736365746
0 0.340926 0.624600 0.117907 0.254053 13.4800 0.15641680204223718
1 0.264477 0.606067 0.029259 0.310587 11.5800 0.13436992341610582
1 0.294936 0.577933 0.015459 0.242427 14.5900 0.1692968206080297
0 0.443776 0.522680 0.030628 0.092773 35.5100 0.4120445579020654
0 0.534404 0.523213 0.036651 0.095813 34.3200 0.39823624970990945
1 0.297947 0.587907 0.018470 0.248880 14.0300 0.1627987932234857
0 0.517637 0.503560 0.021329 0.072080 51.4500 0.597006265954978
