0 0.126993 0.762747 0.253986 0.469173 6.9000 0.08006498027384544
0 0.577122 0.561413 0.072778 0.180960 18.4100 0.21362265026688326
0 0.226353 0.556147 0.122802 0.148880 20.5300 0.23822232536551405
0 0.663414 0.632920 0.133849 0.300933 10.9400 0.12694360640519842
0 0.557750 0.538293 0.047415 0.132747 24.7400 0.28707356695288927
0 0.380813 0.537573 0.053607 0.123147 25.1400 0.29171501508470643
0 0.400902 0.511053 0.041868 0.116560 30.6500 0.3556509631004873
0 0.789328 0.753587 0.302262 0.487493 6.5800 0.07635182176839174
0 0.420338 0.510347 0.032882 0.094880 36.4500 0.4229519610118357
0 0.439082 0.489427 0.017697 0.037733 71.2100 0.8262938036667439
