0 0.501465 0.530280 0.046570 0.145787 22.6300 0.26258992805755393
0 0.784320 0.668240 0.217206 0.431307 8.2500 0.09572986771872824
0 0.703289 0.593240 0.158510 0.276933 12.0200 0.13947551636110464
0 0.669340 0.540053 0.123639 0.220053 15.9400 0.18496170805291248
0 0.575769 0.506027 0.074469 0.102293 30.0300 0.34845671849617077
0 0.547858 0.486120 0.047536 0.064613 47.9300 0.5561615223949872
0 0.270395 0.526373 0.069501 0.121707 28.8800 0.3351125551171965
0 0.311997 0.516573 0.049340 0.095440 35.1900 0.40833139939661167
0 0.345064 0.512693 0.037134 0.065173 42.0600 0.48804827106057086
0 0.391208 0.490933 0.028084 0.050347 58.4600 0.678347644465073
0 0.255020 0.513693 0.041248 0.081093 36.5400 0.4239962868414945
