0 0.884187 0.678187 0.230016 0.583467 7.1100 0.08250174054304943
0 0.206820 0.750840 0.256860 0.492987 7.9600 0.09236481782316082
0 0.358889 0.615387 0.099565 0.227787 14.2300 0.16511951728939428
0 0.399831 0.569013 0.072029 0.164960 19.1600 0.22232536551404036
0 0.586526 0.552187 0.060523 0.182933 18.6200 0.21605941053608727
0 0.850250 0.563320 0.273543 0.280400 11.2600 0.13065676491065212
0 0.424525 0.527560 0.041433 0.119867 29.1200 0.3378974239962868
0 0.431985 0.513467 0.047383 0.089653 34.1400 0.39614759805059174
0 0.333333 0.491933 0.050290 0.056827 56.9000 0.6602459967509863
0 0.601872 0.535627 0.062890 0.136907 23.0200 0.2671153399860756
0 0.637049 0.510867 0.065531 0.123387 26.7800 0.31074495242515665
0 0.754585 0.465520 0.063052 0.070453 40.6000 0.47110698537943835
