0 0.494525 0.582720 0.080612 0.252427 13.8500 0.160710141564168
0 0.977166 0.717293 0.044058 0.560080 4.0600 0.04711069853794383
0 0.820447 0.703733 0.231924 0.473493 7.8400 0.09097238338361568
0 0.714368 0.594987 0.198784 0.320053 11.1900 0.1298445114875841
0 0.673148 0.567773 0.137311 0.206373 14.7600 0.17126943606405196
0 0.044114 0.617173 0.088229 0.275947 10.7800 0.12508702715247155
0 0.111844 0.565893 0.145539 0.222080 16.0000 0.18565792527268507
1 0.569827 0.510707 0.015660 0.120613 26.6600 0.3093525179856115
1 0.758196 0.485720 0.007069 0.112293 31.2300 0.36238106289162214
1 0.751836 0.480933 0.005089 0.081280 42.8500 0.4972151311209097
