1 0.706075 0.695947 0.073003 0.578933 6.3500 0.07368298909259688
1 0.163889 0.699387 0.080515 0.590560 5.5300 0.06416802042237178
1 0.046755 0.704987 0.093510 0.579360 5.9200 0.06869343235089347
1 0.986055 0.656933 0.019839 0.675467 3.8500 0.044673938268739846
1 0.504126 0.516120 0.034356 0.233680 16.1300 0.1871663959155256
1 0.666663 0.653947 0.035161 0.452160 7.6200 0.08841958691111626
1 0.611832 0.613707 0.043744 0.378720 9.1300 0.10594105360872592
1 0.591002 0.584627 0.032472 0.323067 10.6700 0.12381062891622185
1 0.661276 0.555213 0.057158 0.308880 11.6800 0.1355302854490601
1 0.623643 0.592893 0.024694 0.317147 10.3000 0.11951728939429102
1 0.656667 0.515520 0.042415 0.248640 14.6400 0.16987700162450683
0 0.455640 0.488773 0.046417 0.118933 27.6100 0.3203759572986772
