0 0.143337 0.614507 0.179171 0.212373 14.3600 0.16662798793223485
0 0.239235 0.567733 0.121514 0.165333 19.7800 0.22951961011835692
0 0.271212 0.547707 0.107077 0.142027 22.7200 0.2636342538872128
0 0.315012 0.529533 0.094533 0.122907 28.2600 0.32791831051288
0 0.334372 0.530507 0.075974 0.098293 31.2000 0.3620329542817359
0 0.352323 0.517480 0.055483 0.087120 38.4400 0.44604316546762585
0 0.368736 0.520013 0.058551 0.068240 41.8400 0.48549547458807146
0 0.377971 0.503253 0.051095 0.076747 44.1200 0.5119517289394291
0 0.389183 0.502627 0.051232 0.068773 47.0200 0.5456022278951033
0 0.397017 0.499360 0.048639 0.062240 51.6800 0.5996750986307727
