0 0.687754 0.671253 0.192158 0.409227 9.3400 0.1083778138779299
0 0.070878 0.668040 0.141755 0.280027 11.4100 0.13239730796008353
0 0.950000 0.760133 0.098390 0.474400 1.6200 0.018797864933859362
0 0.607738 0.567933 0.087681 0.222267 15.5400 0.18032025992109535
0 0.324440 0.610547 0.097882 0.210693 15.9500 0.1850777442562079
0 0.370113 0.555520 0.065636 0.172800 21.2800 0.24692504061267115
0 0.561598 0.533720 0.051908 0.135707 23.9700 0.27813877929914127
0 0.401892 0.539933 0.047166 0.130960 26.9600 0.31283360408447436
0 0.553402 0.520240 0.047126 0.101707 30.3600 0.3522859132049199
0 0.513643 0.492667 0.019042 0.048907 59.4000 0.6892550475748432
0 0.438776 0.505293 0.020306 0.043600 62.0100 0.71954049663495
