0 0.515093 0.584760 0.061973 0.195440 17.4700 0.20271524715711298
0 0.657814 0.566587 0.120894 0.198240 17.0600 0.19795776282200042
0 0.594730 0.538720 0.068333 0.113760 27.9500 0.3243211882107217
0 0.569710 0.528720 0.060177 0.083680 34.6100 0.40160129960547686
0 0.040117 0.672680 0.080233 0.241573 11.5300 0.13378974239962865
0 0.350056 0.559693 0.059936 0.121093 27.1400 0.31492225574379207
0 0.429746 0.524560 0.030845 0.073280 44.6100 0.517637502900905
0 0.465354 0.509893 0.021804 0.053387 60.8600 0.7061963332559758
0 0.279537 0.568507 0.072214 0.115733 27.9300 0.32408911580413086
0 0.316900 0.541693 0.049195 0.110320 34.0800 0.39545138083081915
0 0.368527 0.526707 0.038438 0.072400 44.6300 0.5178695753074959
0 0.420507 0.520840 0.034074 0.051493 57.2300 0.6640751914597354
0 0.169098 0.560293 0.077874 0.117440 26.3700 0.30598746809004407
0 0.165419 0.538867 0.079308 0.084400 37.0100 0.4294499883963796
