1 0.700334 0.639867 0.056014 0.513280 6.8900 0.07994894407055
1 0.623217 0.538853 0.032085 0.311093 11.0200 0.12787189603156182
1 0.631691 0.539560 0.025282 0.301360 11.0900 0.12868414945462983
1 0.532955 0.459000 0.016103 0.162107 20.8800 0.242283592480854
1 0.242564 0.530867 0.031876 0.323920 11.6000 0.13460199582269666
1 0.394295 0.483000 0.016610 0.150853 19.3600 0.22464608957994892
1 0.408736 0.478773 0.016602 0.161600 19.7300 0.22893942910187978
1 0.348514 0.478520 0.021345 0.210427 17.2800 0.20051055929449987
1 0.334050 0.465973 0.015056 0.181493 19.1400 0.22209329310744952
1 0.505370 0.450547 0.013688 0.144027 25.3100 0.29368763054072866
