0 0.482995 0.522467 0.030612 0.092400 35.4600 0.4114643768855883
0 0.144279 0.759467 0.288559 0.481067 5.7500 0.0667208168948712
0 0.086437 0.679080 0.172874 0.340720 10.3500 0.12009747041076814
0 0.282701 0.571267 0.081232 0.143227 21.1800 0.24576467857971684
0 0.380145 0.588720 0.079163 0.171947 18.0800 0.2097934555581341
0 0.340700 0.537547 0.050225 0.099040 30.5800 0.3548387096774193
0 0.407045 0.535667 0.040193 0.087013 33.5200 0.38895335344627524
0 0.032323 0.620720 0.064646 0.232693 12.4700 0.14469714550939894
0 0.113744 0.587853 0.133607 0.174907 19.1400 0.22209329310744952
0 0.248873 0.543560 0.061240 0.094427 29.9200 0.34718032025992107
