0 0.832597 0.716240 0.333196 0.562187 4.5200 0.05244836388953353
0 0.079895 0.737960 0.159791 0.442107 7.3400 0.08517057321884428
0 0.660548 0.651773 0.155395 0.315813 10.4700 0.1214899048503133
0 0.574682 0.545373 0.062424 0.176827 19.5400 0.22673474123926662
0 0.291751 0.560867 0.149976 0.176293 18.1700 0.210837781387793
0 0.319859 0.522760 0.096224 0.170427 23.2000 0.2692039916453933
0 0.368885 0.522533 0.078929 0.101280 28.6100 0.33197957762821995
0 0.413643 0.476400 0.053148 0.082827 50.2600 0.5831979577628219
0 0.538543 0.512600 0.032609 0.085253 33.2600 0.38593641216059404
0 0.511912 0.480787 0.016546 0.042320 67.0600 0.7781387792991413
