0 0.468873 0.542987 0.043704 0.131947 25.4300 0.29508006498027384
0 0.125217 0.738893 0.250435 0.522213 3.6200 0.042005105592945
0 0.215660 0.580800 0.119018 0.213760 16.9900 0.19714550939893244
0 0.384356 0.569787 0.075105 0.187840 19.0500 0.22104896727779066
0 0.320898 0.539813 0.053245 0.104533 28.9200 0.33557669993037825
0 0.186494 0.556507 0.085242 0.127040 23.9900 0.27837085170573217
0 0.413357 0.530960 0.038470 0.093920 32.4500 0.3765374796936644
0 0.432605 0.516307 0.025773 0.062373 44.9700 0.5218148062195405
0 0.289263 0.524960 0.045274 0.082987 37.0900 0.4303782780227431
0 0.031965 0.611987 0.063929 0.205573 13.9500 0.1618705035971223
