0 0.062411 0.772200 0.124823 0.450267 3.0400 0.035275005801810165
0 0.195475 0.747027 0.273317 0.483760 8.2900 0.09619401253190994
0 0.975366 0.534573 0.047657 0.294373 12.2000 0.14156416802042235
0 0.874919 0.548573 0.127665 0.241040 13.7600 0.15966581573450916
0 0.798514 0.534453 0.106755 0.201973 16.2800 0.18890693896495706
0 0.761948 0.517920 0.103140 0.165227 19.5300 0.22661870503597123
0 0.730149 0.510440 0.097931 0.150533 22.3100 0.2588767695521002
0 0.704859 0.513773 0.096159 0.121893 25.3800 0.29449988396379667
0 0.612645 0.583093 0.094372 0.239147 14.7600 0.17126943606405196
0 0.580910 0.551493 0.059130 0.140480 20.7100 0.24031097702483173
0 0.382593 0.562987 0.077907 0.176480 19.2700 0.22360176375029006
0 0.630636 0.488880 0.070000 0.101173 33.9900 0.39440705500116036
