0 0.936349 0.776573 0.125692 0.441520 1.2600 0.014620561615223949
0 0.142194 0.782947 0.284388 0.428773 7.5800 0.08795544209793454
0 0.636377 0.637533 0.124992 0.296453 11.4500 0.13286145277326525
0 0.330330 0.606333 0.102432 0.229733 16.7900 0.1948247853330239
0 0.398422 0.545733 0.042738 0.110720 30.6900 0.35611510791366907
2 0.459106 0.507587 0.008438 0.067600 53.8700 0.6250870271524714
2 0.468720 0.503880 0.007923 0.063600 54.2600 0.6296124390809932
0 0.424787 0.526067 0.027754 0.065680 46.7200 0.5421211417962404
0 0.519698 0.497987 0.016481 0.044880 67.5300 0.7835924808540264
0 0.551095 0.528907 0.045475 0.122773 27.3000 0.3167788349965189
