1 0.909972 0.588133 0.076224 0.510773 6.5200 0.07565560454861915
2 0.229513 0.687120 0.095386 0.498187 7.8400 0.09097238338361568
0 0.771002 0.721347 0.272456 0.551973 6.7800 0.07867254583430029
0 0.632959 0.588093 0.124549 0.338480 11.8900 0.1379670457182641
0 0.587991 0.538240 0.081618 0.234773 17.3200 0.2009747041076816
0 0.566200 0.529280 0.051079 0.149867 22.7800 0.2643304711069854
1 0.530837 0.477613 0.008052 0.099547 37.2200 0.43188674866558363
1 0.533370 0.479187 0.011538 0.095867 37.9600 0.4404734277094453
0 0.439195 0.482627 0.023011 0.076560 49.0700 0.569389649570666
1 0.488027 0.476800 0.006715 0.064427 53.8000 0.6242747737294035
0 0.377186 0.530320 0.050395 0.118347 26.4100 0.30645161290322576
0 0.034658 0.781707 0.069316 0.431253 3.8300 0.04444186586214899
0 0.126932 0.743040 0.253865 0.459573 8.6200 0.10002320724065906
0 0.267218 0.623173 0.135499 0.264587 13.8400 0.16059410536087257
0 0.330797 0.557187 0.082963 0.184133 19.2900 0.2238338361568809
