0 0.059509 0.780120 0.119018 0.434427 5.8300 0.06764910652123463
0 0.308768 0.687600 0.147923 0.337653 10.9100 0.12659549779531212
0 0.147581 0.713907 0.213728 0.368240 10.0700 0.11684845671849617
2 0.759038 0.696947 0.153003 0.408027 7.6800 0.08911580413088882
2 0.863990 0.746573 0.192762 0.501520 6.1800 0.0717103736365746
0 0.415491 0.562733 0.048035 0.135547 24.8700 0.28858203759572987
0 0.441783 0.531707 0.027335 0.081120 38.7600 0.4497563239730795
0 0.561800 0.540813 0.084372 0.109947 30.1300 0.34961708052912505
0 0.552468 0.529067 0.074887 0.087200 36.1900 0.4199350197261545
0 0.527915 0.520720 0.055990 0.077387 43.8600 0.5089347876537479
