1 0.959352 0.621027 0.073245 0.747280 3.3300 0.03864005569737758
1 0.932335 0.611787 0.127279 0.765760 5.2800 0.06126711533998607
1 0.402065 0.599787 0.037576 0.354400 10.0500 0.11661638431190531
1 0.370737 0.614507 0.041441 0.349653 9.5800 0.11116268275702018
1 0.506739 0.524880 0.023945 0.210933 16.5500 0.19203991645393362
1 0.509219 0.495947 0.024444 0.150827 24.5600 0.28498491529357156
1 0.546932 0.525040 0.015765 0.204693 16.2500 0.18855883035507076
1 0.593136 0.493853 0.015902 0.173520 20.4200 0.23694592712926432
0 0.463414 0.478840 0.027649 0.071067 44.8400 0.5203063355766999
1 0.350105 0.541133 0.022528 0.208347 17.0900 0.19830587143188674
1 0.570801 0.513413 0.017834 0.176373 18.7300 0.21733580877233696
