0 0.461006 0.540773 0.037633 0.102400 27.9600 0.3244372244140172
0 0.272073 0.758760 0.239783 0.477147 7.3300 0.08505453701554884
0 0.207540 0.617533 0.168849 0.268240 13.2800 0.1540960779763286
0 0.318514 0.555747 0.100733 0.122907 23.9000 0.2773265258760733
0 0.347065 0.540773 0.076256 0.117493 26.9700 0.3129496402877697
0 0.377540 0.530773 0.067206 0.084853 33.7100 0.39115804130888837
0 0.394308 0.525960 0.050306 0.075013 36.6600 0.4253887212810396
0 0.568410 0.578733 0.071924 0.183547 17.3300 0.20109074031097698
0 0.533724 0.541600 0.043841 0.110987 26.5700 0.3083081921559526
0 0.100020 0.562493 0.112424 0.134587 23.1800 0.2689719192388025
0 0.463611 0.520400 0.027850 0.081333 38.0900 0.4419818983522859
