0 0.501385 0.535333 0.050113 0.156853 21.1600 0.245532606173126
0 0.906481 0.735507 0.185427 0.523653 4.8500 0.05627755859828266
0 0.788023 0.664240 0.205386 0.415200 8.6500 0.10037131585054537
0 0.714899 0.571067 0.151538 0.288587 12.6000 0.14620561615223948
0 0.585862 0.510960 0.082528 0.116000 26.7300 0.3101647714086795
0 0.553659 0.486560 0.051119 0.069920 44.4400 0.5156648874448827
0 0.241663 0.534147 0.083808 0.139653 25.4500 0.2953121373868647
0 0.292556 0.524707 0.057013 0.106480 31.7600 0.36853098166627984
0 0.332073 0.516707 0.041892 0.071173 38.7200 0.44929217915989783
0 0.384320 0.491827 0.030185 0.053627 55.0600 0.6388953353446275
0 0.233257 0.519387 0.046610 0.088800 33.5000 0.38872128103968434
