0 0.032738 0.702387 0.065475 0.359920 8.2600 0.09584590392202366
0 0.122428 0.619320 0.188688 0.244773 13.6800 0.15873752610814573
0 0.189891 0.577413 0.153277 0.196053 16.6600 0.19331631469018332
0 0.228321 0.570733 0.139654 0.158267 19.1200 0.22186122070085867
0 0.265845 0.542827 0.124090 0.158187 22.1200 0.25667208168948713
0 0.296812 0.545240 0.096924 0.123173 25.1000 0.2912508702715247
0 0.312512 0.532253 0.084138 0.099760 29.5100 0.34242283592480854
0 0.328124 0.532773 0.067327 0.104000 32.3600 0.37549315386400556
0 0.349847 0.529280 0.069501 0.080267 35.7800 0.41517753539104196
0 0.360717 0.506933 0.060081 0.089333 38.0300 0.4412856811325133
0 0.374199 0.510960 0.059589 0.079360 40.8700 0.47423996286841485
0 0.384159 0.507680 0.055370 0.071200 45.5300 0.5283128336040844
