0 0.469388 0.544493 0.044316 0.133840 25.1000 0.2912508702715247
0 0.147746 0.739067 0.295491 0.521867 4.9400 0.05732188442794152
0 0.235097 0.572920 0.106490 0.197040 18.2600 0.21188210721745185
0 0.390254 0.565120 0.070378 0.177227 20.0600 0.23276862381062888
0 0.329215 0.536827 0.049686 0.099147 30.3800 0.35251798561151076
0 0.201494 0.551400 0.078591 0.119707 25.2900 0.2934555581341378
0 0.416188 0.530907 0.037029 0.091200 33.4100 0.38767695521002543
0 0.433800 0.515613 0.025105 0.060987 45.9600 0.5333023903457879
0 0.297919 0.523027 0.042536 0.079387 38.6800 0.44882803434671614
0 0.047480 0.610347 0.094960 0.208800 15.1100 0.17533070317939195
