0 0.894758 0.719707 0.208873 0.555253 1.6500 0.019145973543745646
0 0.125213 0.648907 0.250427 0.491627 8.5400 0.09909491761429565
0 0.058273 0.736507 0.116546 0.521653 6.2600 0.07263866326293802
0 0.759002 0.759133 0.264638 0.476400 7.0800 0.08215363193316313
0 0.134682 0.618947 0.242311 0.365947 10.8300 0.1256672081689487
0 0.214086 0.615013 0.189477 0.256480 12.9100 0.14980273845439776
0 0.243873 0.589400 0.187440 0.228880 15.5700 0.18066836853098164
0 0.328913 0.550533 0.114042 0.137067 23.2400 0.269668136458575
0 0.360499 0.530333 0.087955 0.136133 28.0700 0.3257136226502669
0 0.560225 0.555627 0.049308 0.125280 24.7200 0.2868414945462984
0 0.636292 0.639560 0.119654 0.283547 12.6400 0.1466697609654212
0 0.537758 0.524320 0.033245 0.095893 35.4900 0.41181248549547456
0 0.387685 0.524373 0.074291 0.090400 35.7700 0.4150614991877466
