0 0.495652 0.527867 0.034122 0.106880 30.2100 0.3505453701554885
0 0.061316 0.638147 0.122633 0.242053 13.5500 0.15722905546530516
0 0.163551 0.580533 0.127262 0.182400 19.0800 0.22139707588767693
0 0.666989 0.570600 0.126490 0.221413 15.0500 0.1746344859596194
0 0.643623 0.553733 0.116296 0.175147 18.4900 0.21455093989324667
0 0.602403 0.545667 0.097850 0.138160 21.9700 0.2549315386400557
0 0.585330 0.532293 0.083382 0.131520 25.3700 0.29438384776050125
0 0.580395 0.521040 0.077021 0.106027 29.0300 0.33685309816662795
0 0.568249 0.515240 0.069171 0.102267 32.6500 0.37885820375957296
0 0.440133 0.499507 0.014726 0.037093 74.3300 0.8624970990949176
0 0.535970 0.499347 0.039767 0.049520 57.0700 0.6622186122070085
0 0.410970 0.498800 0.017979 0.042933 77.7700 0.9024135530285448
