0 0.103833 0.768093 0.207665 0.458480 5.1800 0.06010675330703179
0 0.931397 0.449293 0.135596 0.304987 12.9000 0.14968670225110234
0 0.993977 0.425480 0.010435 0.149573 21.7900 0.252842886980738
0 0.351051 0.600200 0.091441 0.188400 17.1100 0.1985379438384776
0 0.259795 0.674253 0.182520 0.343493 11.3200 0.13135298213042468
0 0.625129 0.526360 0.068744 0.142693 22.6300 0.26258992805755393
0 0.395213 0.557853 0.060346 0.140667 23.2900 0.2702483174750522
0 0.425527 0.542653 0.038382 0.100880 29.5700 0.3431190531445811
0 0.434143 0.534387 0.034581 0.087013 34.6600 0.40218148062195397
0 0.537407 0.523427 0.035008 0.094747 34.1700 0.39649570666047806
0 0.633921 0.512160 0.099936 0.113493 26.7600 0.3105128800185658
0 0.574831 0.508413 0.042673 0.076880 42.1800 0.489440705500116
0 0.541280 0.472093 0.036457 0.036080 76.3400 0.8858203759572987
0 0.447854 0.481307 0.030813 0.034133 75.6600 0.8779299141332094
