0 0.602484 0.608333 0.083680 0.195600 15.9300 0.18484567184961706
0 0.164324 0.759880 0.303430 0.480240 7.3000 0.08470642840566256
0 0.365294 0.587107 0.080217 0.191973 17.6500 0.20480389881643069
0 0.539452 0.533840 0.036071 0.089760 33.8900 0.3932466929682061
0 0.228080 0.590920 0.104098 0.178747 17.8800 0.20747273149222556
0 0.401860 0.555133 0.050773 0.121147 26.0400 0.3021582733812949
0 0.316808 0.552907 0.056111 0.107787 27.7100 0.32153631933163146
0 0.355781 0.533240 0.037359 0.079440 36.9700 0.4289858435831979
0 0.435535 0.526280 0.022842 0.057253 48.9200 0.5676491065212346
0 0.483929 0.519160 0.019356 0.060827 52.7100 0.6116268275702018
0 0.508490 0.514347 0.013148 0.043893 66.0800 0.7667672313761893
