1 0.641445 0.678587 0.055821 0.475200 7.4600 0.08656300765838941
1 0.699996 0.661493 0.067367 0.485707 7.6500 0.08876769552100255
1 0.040350 0.691547 0.062536 0.485547 7.6100 0.08830355070782084
1 0.314376 0.590600 0.038382 0.292027 12.3100 0.14284056625667207
1 0.544300 0.548560 0.021739 0.203520 16.9700 0.1969134369923416
1 0.704477 0.574120 0.066779 0.308293 11.2000 0.12996054769087953
1 0.912295 0.581093 0.071385 0.410453 8.8000 0.10211185889997679
1 0.832581 0.562320 0.039187 0.323040 10.7000 0.12415873752610813
1 0.363768 0.563973 0.026844 0.199627 16.8100 0.19505685773961473
1 0.337158 0.562280 0.025765 0.205360 16.9000 0.19610118356927358
1 0.960314 0.572933 0.062528 0.390240 9.0900 0.1054769087955442
0 0.440660 0.490733 0.025556 0.085467 43.4600 0.5042933395219308
0 0.369489 0.515787 0.065773 0.183573 24.5600 0.28498491529357156
