0 0.494843 0.548320 0.044034 0.119680 24.1300 0.27999535855186813
0 0.085817 0.749933 0.171634 0.494800 6.0400 0.07008586679043861
0 0.203209 0.675947 0.199928 0.382080 9.0300 0.10478069157577162
0 0.329702 0.577253 0.125459 0.178880 16.7700 0.19459271292643301
0 0.357110 0.560547 0.097343 0.156453 19.7500 0.22917150150847063
0 0.384980 0.533667 0.075676 0.106853 27.3400 0.3172429798097006
0 0.890310 0.709533 0.217770 0.575600 4.3400 0.05035971223021582
1 0.610076 0.561693 0.023889 0.179333 17.9000 0.2077048038988164
0 0.824839 0.578733 0.176602 0.220080 16.3600 0.18983522859132046
0 0.490680 0.524947 0.027641 0.083760 37.1200 0.4307263866326293
0 0.059972 0.651587 0.119944 0.310587 10.0300 0.11638431190531444
0 0.176908 0.526560 0.086795 0.125280 26.7100 0.30993269900208864
0 0.233349 0.522907 0.055072 0.079520 32.5700 0.37792991413320953
