0 0.491610 0.505867 0.019195 0.060480 51.5200 0.597818519378046
0 0.843052 0.746360 0.312287 0.501947 4.2200 0.048967277790670685
0 0.445479 0.524360 0.029477 0.079813 37.2000 0.4316546762589928
0 0.620898 0.600400 0.095129 0.229173 14.5000 0.16825249477837084
0 0.582009 0.562147 0.072150 0.186533 19.0300 0.22081689487119982
0 0.564424 0.536947 0.049155 0.153253 22.8100 0.26467857971687164
0 0.542536 0.523907 0.036795 0.095280 32.5800 0.37804595033650495
0 0.524557 0.503413 0.021192 0.063040 47.8700 0.5554653051752146
0 0.356429 0.516853 0.046981 0.058240 52.5600 0.6098862845207704
0 0.294839 0.519773 0.052915 0.060773 52.4700 0.6088419586911116
1 0.611614 0.510160 0.016900 0.156693 22.7200 0.2636342538872128
