1 0.430266 0.706520 0.072464 0.576293 6.0600 0.07031793919702946
1 0.434098 0.689213 0.085910 0.485733 7.1900 0.08343003016941286
1 0.306019 0.688667 0.048043 0.465707 7.5900 0.08807147830122998
1 0.226683 0.645747 0.043478 0.378427 9.2900 0.10779763286145276
1 0.422009 0.610333 0.072150 0.366533 10.0200 0.11626827570201902
1 0.315543 0.657307 0.049380 0.373173 8.9300 0.10362032954281734
1 0.362528 0.571773 0.025765 0.288347 12.7400 0.14783012299837547
1 0.380688 0.614200 0.042134 0.354747 9.8500 0.11429566024599674
0 0.344223 0.575667 0.090894 0.208773 16.6400 0.19308424228359247
1 0.535781 0.500373 0.015572 0.138400 25.5500 0.29647249941981896
1 0.453366 0.509920 0.013688 0.125067 28.3300 0.32873056393594796
