1 0.654030 0.712787 0.067367 0.563760 6.1500 0.07136226502668833
1 0.735954 0.696760 0.086417 0.595813 6.1200 0.07101415641680203
1 0.190692 0.712107 0.061192 0.541600 6.8600 0.07960083546066372
1 0.529843 0.559840 0.023615 0.244320 14.5600 0.1689487119981434
1 0.594195 0.545400 0.025233 0.210160 16.4200 0.19053144581109308
1 0.927130 0.557987 0.064678 0.310800 11.0600 0.12833604084474357
1 0.927810 0.526973 0.061465 0.291227 12.1600 0.14110002320724066
1 0.743366 0.529800 0.030322 0.227067 15.0300 0.17440241355302852
1 0.447440 0.527787 0.011675 0.123947 26.7400 0.3102808076119749
0 0.405141 0.515213 0.051989 0.151920 29.1900 0.3387096774193548
