1 0.188808 0.494507 0.014767 0.130987 27.8200 0.32281271756788116
0 0.190656 0.475613 0.058994 0.146320 31.1600 0.3615688094685542
0 0.236119 0.490120 0.056973 0.105840 33.7100 0.39115804130888837
0 0.292564 0.481120 0.065209 0.090027 35.2800 0.4093757252262706
0 0.460584 0.470360 0.043921 0.070853 43.3400 0.5029009050823857
0 0.497166 0.468280 0.046023 0.073680 45.8700 0.532258064516129
0 0.524597 0.473627 0.049791 0.057120 50.4400 0.5852866094221396
0 0.548812 0.473387 0.036192 0.057280 51.2800 0.5950336504989556
0 0.568132 0.472613 0.041127 0.053813 52.2200 0.6059410536087259
0 0.589718 0.468187 0.047295 0.055467 53.4800 0.6205616152239498
0 0.641296 0.460293 0.042432 0.050933 59.4500 0.6898352285913205
0 0.657005 0.459933 0.036731 0.046320 61.2600 0.710837781387793
