0 0.873257 0.713133 0.251876 0.568400 2.5000 0.02900905082385704
0 0.707468 0.699613 0.213454 0.413520 8.4500 0.09805059178463679
0 0.584758 0.550493 0.071337 0.198800 17.5600 0.20375957298677183
0 0.267110 0.564760 0.170338 0.198800 16.2000 0.18797864933859362
0 0.304275 0.518747 0.106361 0.186827 21.2300 0.246344859596194
0 0.359944 0.520387 0.085362 0.109147 26.6000 0.30865630076583894
0 0.377053 0.512093 0.079646 0.107440 28.8800 0.3351125551171965
0 0.407850 0.473253 0.055556 0.086293 48.2700 0.5601067533070317
2 0.468305 0.470787 0.005000 0.043600 71.3000 0.8273381294964027
0 0.541771 0.511453 0.035282 0.091013 31.2600 0.36272917150150846
0 0.512275 0.476320 0.017045 0.043627 65.1000 0.7553956834532373
