0 0.756824 0.549347 0.261924 0.304507 12.1600 0.14110002320724066
0 0.958068 0.442040 0.082254 0.115867 26.3100 0.3052912508702715
0 0.940825 0.448200 0.113889 0.107920 28.6300 0.33221165003481085
0 0.344775 0.567413 0.065572 0.158667 21.6400 0.25110234393130654
0 0.418684 0.547680 0.056401 0.142400 24.7500 0.2871896031561847
0 0.679215 0.461747 0.100990 0.126213 30.6000 0.3550707820840102
0 0.768426 0.448547 0.050797 0.090960 40.1100 0.4654212114179624
0 0.801019 0.450840 0.055676 0.082587 40.5700 0.4707588767695521
0 0.371236 0.550173 0.055403 0.119387 27.9300 0.32408911580413086
0 0.534436 0.503707 0.033833 0.077600 39.7900 0.46170805291250866
0 0.488841 0.509093 0.023478 0.062240 51.2100 0.5942213970758876
