0 0.820064 0.736467 0.305539 0.521733 7.2300 0.08389417498259456
0 0.399746 0.560160 0.083712 0.259147 16.0100 0.18577396147598052
0 0.149907 0.777533 0.299815 0.439600 4.7900 0.05558134137851009
0 0.611111 0.565973 0.070950 0.152213 19.9000 0.23091204455790204
0 0.665866 0.607147 0.111957 0.244907 13.9100 0.16140635878394058
0 0.462629 0.504920 0.026337 0.082427 37.6400 0.43676026920399164
0 0.425688 0.548987 0.055596 0.147200 21.7600 0.2524947783708517
0 0.593994 0.540800 0.048873 0.125067 25.0300 0.29043861684845673
0 0.575692 0.523120 0.038615 0.095520 31.6100 0.3667904386168484
0 0.563591 0.513187 0.032931 0.083280 36.2800 0.4209793455558134
