0 0.110946 0.778293 0.221892 0.433013 8.9900 0.10431654676258992
0 0.345463 0.653920 0.104597 0.252053 14.0700 0.16326293803666744
0 0.227673 0.674773 0.141224 0.270613 13.1600 0.15270364353678348
2 0.685290 0.640840 0.101304 0.284400 10.9600 0.1271756788117893
0 0.958998 0.577587 0.080395 0.290373 12.1800 0.1413320956138315
2 0.724670 0.661973 0.112818 0.338080 9.4900 0.11011835692736133
1 0.141373 0.632040 0.030056 0.259973 13.8000 0.16012996054769088
0 0.418853 0.572587 0.041409 0.121920 27.9800 0.324669296820608
0 0.442552 0.542947 0.021643 0.066693 47.7700 0.5543049431422604
0 0.547343 0.544707 0.075733 0.099547 33.3700 0.38721281039684374
0 0.519030 0.535333 0.052101 0.072693 47.0300 0.5457182640983986
