0 0.473853 0.544893 0.046192 0.139493 24.1500 0.280227430958459
0 0.078676 0.682480 0.157351 0.378613 9.7800 0.11348340682292873
0 0.259907 0.703027 0.211232 0.455547 8.9300 0.10362032954281734
0 0.274469 0.556440 0.083688 0.164293 21.5000 0.24947783708517055
0 0.404340 0.550360 0.059275 0.152507 22.9600 0.2664191227663031
0 0.349203 0.529293 0.041755 0.086693 34.4200 0.3993966117428638
0 0.237850 0.541640 0.064348 0.103973 28.7600 0.33372012067765144
0 0.422218 0.528280 0.033873 0.084667 35.8700 0.4162218612207008
0 0.436952 0.513747 0.023374 0.057253 48.8200 0.5664887444882803
0 0.102182 0.584347 0.118744 0.168907 18.3700 0.21315850545370155
