0 0.026590 0.805373 0.053180 0.383920 4.8800 0.056625667208168945
0 0.155286 0.708040 0.211957 0.335600 10.8600 0.12601531677883498
0 0.970656 0.528840 0.057077 0.374907 9.0700 0.10524483638895335
0 0.911429 0.521507 0.175531 0.308187 11.4500 0.13286145277326525
0 0.836401 0.521480 0.189984 0.229893 14.2700 0.165583662102576
0 0.303833 0.600253 0.099678 0.177893 18.3400 0.21281039684381525
0 0.652697 0.611160 0.128019 0.270160 12.5400 0.14550939893246692
0 0.598873 0.560573 0.075056 0.189733 18.1200 0.21025760037131586
0 0.352162 0.566493 0.058253 0.132240 24.1000 0.27964724994198187
0 0.564384 0.530627 0.047415 0.108880 27.8600 0.32327686238106285
0 0.549960 0.526053 0.039581 0.089920 33.6500 0.3904618240891158
