0 0.674444 0.523427 0.165636 0.194107 18.5400 0.2151311209097238
0 0.892391 0.438893 0.094267 0.094267 32.4400 0.37642144349036893
0 0.866679 0.440947 0.090443 0.088240 34.8100 0.40392202367138547
0 0.845974 0.444520 0.089710 0.088187 37.3100 0.4329310744952425
0 0.386095 0.547333 0.045684 0.119093 28.1000 0.32606173126015314
0 0.449936 0.515667 0.033768 0.087227 38.9800 0.45230912044557897
0 0.656675 0.476013 0.082496 0.103973 36.9500 0.4287537711766071
0 0.738277 0.441960 0.041111 0.078320 46.3200 0.5374796936644233
0 0.767536 0.448013 0.044895 0.071227 46.7300 0.5422371779995357
0 0.402279 0.538013 0.040129 0.094427 34.7300 0.402993734045022
0 0.536860 0.497600 0.028953 0.066293 46.2100 0.5362032954281736
0 0.497564 0.504693 0.020765 0.055040 57.6500 0.6689487119981433
