0 0.496952 0.523160 0.034791 0.108987 29.6700 0.3442794151775354
0 0.925411 0.713827 0.147568 0.567013 5.1300 0.05952657229055465
0 0.810785 0.668413 0.220523 0.423600 8.7300 0.10129960547690879
0 0.695986 0.604187 0.164517 0.270293 12.1600 0.14110002320724066
0 0.642834 0.565747 0.127488 0.225947 15.5500 0.1804362961243908
0 0.623998 0.547627 0.114581 0.166560 19.1600 0.22232536551404036
0 0.603257 0.529253 0.099122 0.149920 22.7200 0.2636342538872128
0 0.583994 0.514493 0.076973 0.097520 29.9200 0.34718032025992107
0 0.420853 0.508827 0.021691 0.052480 53.1700 0.6169644929217916
0 0.558474 0.500720 0.057576 0.074347 40.6700 0.47191923880250636
0 0.542931 0.495893 0.047488 0.059413 47.4800 0.5509398932466929
0 0.398253 0.493467 0.021401 0.049440 67.8700 0.787537711766071
0 0.377460 0.491587 0.014243 0.038373 75.6500 0.8778138779299142
