0 0.580048 0.569160 0.066586 0.156560 19.0100 0.22058482246460895
0 0.057762 0.763053 0.115523 0.473893 2.3200 0.02692039916453933
0 0.518160 0.506573 0.024903 0.063653 46.4400 0.5388721281039683
0 0.256457 0.682840 0.190966 0.367973 10.0100 0.1161522394987236
0 0.129762 0.621280 0.167383 0.242667 13.3600 0.15502436760269203
0 0.373744 0.549893 0.060451 0.142613 22.3600 0.25945695056857737
0 0.277496 0.553027 0.072077 0.128613 23.4200 0.2717567881178928
0 0.413466 0.524107 0.034324 0.079253 35.2500 0.40902761661638426
0 0.433229 0.512067 0.023849 0.060347 46.0100 0.5338825713622649
0 0.483559 0.512307 0.024267 0.075440 42.4500 0.4925736829890926
