0 0.494175 0.545400 0.042810 0.116187 24.7700 0.28742167556277554
0 0.258124 0.623933 0.151530 0.267227 12.1300 0.14075191459735437
0 0.364497 0.564333 0.105580 0.134747 22.4000 0.25992109538175906
0 0.434622 0.500840 0.047858 0.077360 46.5100 0.5396843815270363
0 0.490201 0.520947 0.027407 0.082800 37.4200 0.4342074727314922
0 0.034936 0.575520 0.069871 0.152800 17.0500 0.19784172661870503
0 0.086071 0.641227 0.172142 0.307200 11.4200 0.13251334416337895
0 0.200962 0.567573 0.110942 0.186773 17.5100 0.20317939197029472
1 0.061739 0.531440 0.019324 0.174720 20.2100 0.23450916686006032
1 0.165483 0.522533 0.015298 0.103680 28.3100 0.3284984915293571
