2 0.679279 0.531600 0.058156 0.291307 12.5200 0.14527732652587605
1 0.735334 0.617200 0.064678 0.531627 6.8500 0.07948479925736829
1 0.724388 0.485120 0.024718 0.157227 21.9800 0.2550475748433511
1 0.538482 0.558893 0.040797 0.286427 12.5900 0.14608957994894406
1 0.493696 0.546280 0.042947 0.276027 13.6700 0.1586214899048503
1 0.495930 0.542000 0.043213 0.308000 12.6000 0.14620561615223948
1 0.731699 0.501387 0.040258 0.186773 17.9400 0.20816894871199815
1 0.897101 0.506453 0.019324 0.209707 16.5200 0.19169180784404732
1 0.932890 0.500613 0.024155 0.240000 15.2300 0.1767231376189371
1 0.902673 0.508440 0.020934 0.196507 15.9300 0.18484567184961706
