0 0.104207 0.776813 0.208414 0.441040 8.2200 0.09538175910884196
0 0.229283 0.655187 0.143961 0.250480 13.6800 0.15873752610814573
0 0.300298 0.605293 0.084412 0.175493 18.4500 0.21408679508006495
0 0.345225 0.569040 0.062882 0.125920 24.4800 0.28405662566720813
0 0.751208 0.475120 0.135024 0.165547 20.3200 0.23578556509631005
0 0.720330 0.470000 0.088438 0.152640 22.8700 0.26537479693664423
0 0.691880 0.472253 0.093068 0.135067 25.1900 0.29229519610118354
0 0.978245 0.398960 0.041900 0.123200 25.1900 0.29229519610118354
0 0.960004 0.405253 0.078382 0.114560 27.9400 0.32420515200742633
0 0.657810 0.480187 0.086570 0.113493 28.0600 0.3255975864469714
0 0.383277 0.541387 0.045072 0.094667 31.9600 0.3708517057321884
0 0.561779 0.524333 0.046055 0.117520 26.2900 0.30505917846368064
0 0.549243 0.516040 0.036329 0.102213 31.9100 0.3702715247157113
