0 0.479722 0.525653 0.034936 0.105493 31.3000 0.36319331631469015
0 0.132601 0.735733 0.265201 0.528533 3.5700 0.041424924576467854
0 0.107122 0.627520 0.180427 0.244693 13.3600 0.15502436760269203
0 0.247999 0.562080 0.098140 0.182080 19.4600 0.22580645161290322
0 0.360121 0.583520 0.085250 0.187413 17.3200 0.2009747041076816
0 0.317782 0.542840 0.062005 0.115280 26.3100 0.3052912508702715
0 0.418567 0.538240 0.042754 0.097760 29.6400 0.3439313065676491
0 0.385829 0.514093 0.030451 0.066107 44.4400 0.5156648874448827
0 0.048837 0.607053 0.097673 0.219653 14.6800 0.17034114643768855
0 0.154002 0.564920 0.101014 0.146640 21.4200 0.24854954745880714
