1 0.103543 0.689147 0.207085 0.611040 2.9800 0.03457878858203759
1 0.523716 0.563613 0.026836 0.251227 13.9800 0.1622186122070086
1 0.369034 0.540600 0.022721 0.174107 20.2100 0.23450916686006032
1 0.352975 0.539240 0.018156 0.163920 20.9000 0.24251566488744486
1 0.594247 0.516413 0.018446 0.155867 21.0600 0.2443722441401717
1 0.504130 0.523453 0.017923 0.166053 22.3200 0.2589928057553957
1 0.557846 0.562587 0.022681 0.241707 13.8300 0.16047806915757715
1 0.582625 0.530400 0.021594 0.197013 18.0400 0.2093293107449524
1 0.609038 0.506507 0.016063 0.170987 21.0700 0.24448828034346715
0 0.446985 0.506240 0.031441 0.080373 39.8500 0.46240427013228125
1 0.188539 0.592400 0.036723 0.272427 13.1700 0.1528196797400789
1 0.569525 0.554080 0.018551 0.200053 16.5800 0.19238802506381988
