0 0.487383 0.506867 0.020000 0.063013 49.5200 0.5746112787189603
0 0.295745 0.708160 0.173180 0.385440 9.4200 0.10930610350429333
0 0.841333 0.736227 0.315725 0.522213 3.8300 0.04444186586214899
0 0.707355 0.711493 0.187061 0.510453 7.7900 0.09039220236713855
0 0.583003 0.575027 0.077118 0.187440 17.5100 0.20317939197029472
0 0.535161 0.523787 0.033011 0.093867 32.8300 0.3809468554188906
0 0.560813 0.546640 0.053881 0.147467 22.6400 0.26270596426084936
0 0.299899 0.545947 0.068881 0.082987 37.4000 0.43397540032490134
0 0.211977 0.550680 0.077593 0.086587 37.3900 0.4338593641216059
0 0.520330 0.505507 0.021353 0.058960 51.2800 0.5950336504989556
1 0.731538 0.587533 0.035475 0.364613 9.9600 0.11557205848224646
