0 0.495193 0.528853 0.036457 0.114240 28.3900 0.32942678115572055
0 0.928744 0.747387 0.140902 0.499893 4.3000 0.04989556741703411
0 0.814686 0.700013 0.252673 0.538320 7.7000 0.08934787653747969
0 0.724887 0.623680 0.164283 0.299893 11.4100 0.13239730796008353
0 0.667287 0.578800 0.144783 0.209813 15.0400 0.17451844975632394
0 0.410612 0.511067 0.024461 0.052320 53.3400 0.6189371083778139
0 0.308563 0.576587 0.074614 0.145440 20.8600 0.24205152007426314
0 0.591405 0.526907 0.088865 0.121227 25.7400 0.2986771872824321
0 0.563595 0.513240 0.066868 0.088933 32.4600 0.37665351589695983
0 0.367605 0.502840 0.029895 0.063920 52.9900 0.6148758412624739
0 0.382395 0.502427 0.024372 0.054933 59.6100 0.6916918078440473
0 0.344960 0.500573 0.019147 0.047813 61.0000 0.7078208401021118
