0 0.934295 0.770573 0.129799 0.453520 6.6300 0.07693200278486888
0 0.831381 0.647080 0.290411 0.288720 11.0100 0.1277558598282664
0 0.208434 0.614240 0.216868 0.246347 13.3500 0.15490833139939658
0 0.528514 0.525227 0.024919 0.061013 45.0900 0.5232072406590856
0 0.401433 0.529107 0.067601 0.082480 38.7400 0.44952425156648873
0 0.607677 0.545200 0.080588 0.100587 30.5600 0.3546066372708285
0 0.331035 0.568280 0.122118 0.149413 20.4700 0.23752610814574143
0 0.273080 0.593053 0.172907 0.203387 15.7300 0.1825249477837085
0 0.676643 0.566440 0.112383 0.153200 20.9500 0.243095845903922
0 0.704577 0.582293 0.128510 0.158347 18.5800 0.21559526572290552
