0 0.476606 0.543413 0.046675 0.125867 22.8600 0.26525876073334875
0 0.257335 0.755987 0.223752 0.482693 7.5300 0.0873752610814574
0 0.345696 0.642867 0.114726 0.263760 12.3600 0.1434207472731492
0 0.242428 0.612960 0.128188 0.213013 14.2400 0.1652355534926897
0 0.333229 0.544147 0.081981 0.117093 25.0500 0.2906706892550476
0 0.437234 0.515667 0.031828 0.075760 35.2900 0.409491761429566
0 0.397725 0.502200 0.053132 0.068720 46.0300 0.5341146437688559
0 0.861574 0.804733 0.275242 0.385200 2.6000 0.030169412856811323
0 0.693861 0.699920 0.184114 0.436960 8.6200 0.10002320724065906
0 0.537114 0.531573 0.043567 0.107893 26.7100 0.30993269900208864
1 0.582279 0.504613 0.010467 0.110453 31.4600 0.365049895567417
0 0.147335 0.543347 0.089839 0.109200 26.4200 0.30656764910652123
0 0.479581 0.515120 0.029356 0.088800 35.0600 0.4068229287537712
0 0.016369 0.580867 0.032738 0.154000 16.6400 0.19308424228359247
