0 0.504223 0.558640 0.053341 0.167200 19.9900 0.2319563703875609
0 0.704581 0.602560 0.139147 0.275413 12.4300 0.1442330006962172
0 0.621699 0.550453 0.105604 0.157600 19.0000 0.2204687862613135
0 0.268482 0.587027 0.113406 0.203227 17.4400 0.20236713854722674
0 0.055254 0.654800 0.110507 0.259840 12.1900 0.14144813181712693
0 0.153543 0.582440 0.121965 0.214800 18.3600 0.2130424692504061
0 0.403764 0.523080 0.048720 0.086427 34.8400 0.4042701322812718
0 0.478800 0.487773 0.023623 0.059387 59.2500 0.6875145045254119
0 0.290181 0.538093 0.072182 0.115120 28.4600 0.33023903457878856
0 0.381176 0.518520 0.048647 0.070800 41.5100 0.4816662798793223
0 0.540008 0.487547 0.020225 0.046987 62.2200 0.721977256904154
0 0.195729 0.544453 0.087593 0.112000 27.7700 0.322232536551404
