0 0.932665 0.557333 0.104074 0.136533 24.4600 0.2838245532606173
0 0.881385 0.555613 0.099807 0.130000 23.7600 0.27570201902993735
0 0.813929 0.554387 0.093253 0.140027 24.2300 0.28115572058482247
0 0.498788 0.500973 0.027399 0.080880 36.8300 0.4273613367370619
2 0.752705 0.620200 0.141578 0.420133 8.3700 0.09712230215827336
2 0.956743 0.649560 0.055918 0.496773 7.0200 0.08145741471339056
2 0.196147 0.622733 0.091828 0.374267 9.6700 0.11220700858667904
1 0.152532 0.461440 0.010733 0.126720 30.0200 0.34834068229287535
1 0.139964 0.497693 0.020668 0.186320 19.9500 0.23149222557437918
1 0.114911 0.488387 0.023881 0.189680 19.7200 0.22882339289858433
1 0.868209 0.691187 0.093663 0.585627 6.3500 0.07368298909259688
1 0.867110 0.665613 0.071659 0.552933 7.0800 0.08215363193316313
1 0.955753 0.671707 0.057899 0.616533 6.0300 0.06996983058714319
