0 0.105294 0.784160 0.210588 0.426347 3.5300 0.04096077976328614
0 0.890644 0.774707 0.217101 0.445253 2.1100 0.024483638895335343
0 0.726816 0.748973 0.257995 0.485573 8.1300 0.0943374332791831
0 0.240306 0.741733 0.230274 0.418133 9.1600 0.1062891622186122
0 0.334738 0.618107 0.094082 0.226987 14.6000 0.16941285681132512
0 0.380000 0.583267 0.070193 0.160560 19.2700 0.22360176375029006
0 0.624714 0.600547 0.109493 0.233360 14.4700 0.16790438616848455
0 0.588776 0.555467 0.064525 0.160000 19.6800 0.22835924808540262
0 0.772939 0.499333 0.103736 0.153760 26.9200 0.3123694592712926
0 0.532770 0.513653 0.032496 0.074507 41.2500 0.47864933859364117
0 0.493273 0.512120 0.026176 0.049947 55.9600 0.649338593641216
0 0.467802 0.498227 0.031014 0.043973 71.0000 0.82385704339754
2 0.424263 0.499013 0.013873 0.051520 62.3800 0.7238338361568809
