0 0.504932 0.540107 0.050040 0.134507 21.4400 0.248781619865398
0 0.099440 0.736240 0.198881 0.522187 6.0300 0.06996983058714319
0 0.341027 0.580120 0.137593 0.198000 15.3600 0.17823160826177764
0 0.382496 0.531787 0.078937 0.129760 23.4200 0.2717567881178928
0 0.399545 0.517360 0.077464 0.111520 26.4300 0.30668368530981666
0 0.420081 0.502573 0.063043 0.081947 34.1100 0.3957994894407055
0 0.886135 0.688520 0.226119 0.617627 4.4200 0.051288001856579245
1 0.753370 0.743413 0.081055 0.507840 6.2300 0.07229055465305174
0 0.725954 0.654547 0.164420 0.304400 11.1300 0.12914829426781155
0 0.644183 0.587227 0.092440 0.185813 16.4900 0.19134369923416103
0 0.610286 0.532787 0.070878 0.168667 21.8000 0.2529589231840334
1 0.562399 0.506827 0.012882 0.092800 34.1200 0.39591552564400084
0 0.660519 0.508080 0.080556 0.103253 33.4300 0.38790902761661633
0 0.144883 0.589600 0.181248 0.233920 13.6700 0.1586214899048503
0 0.242210 0.545867 0.103325 0.161333 18.8400 0.21861220700858666
0 0.501812 0.503520 0.028969 0.087467 35.5200 0.4121605941053609
0 0.047721 0.642040 0.095443 0.308293 8.9500 0.1038524019494082
0 0.286014 0.527787 0.066119 0.130987 23.3500 0.27094453469482477
0 0.061312 0.549227 0.122625 0.171520 19.0400 0.22093293107449521
