0 0.506393 0.540373 0.050612 0.136000 21.2200 0.24622882339289856
0 0.167407 0.735600 0.243172 0.523467 6.9200 0.08029705268043628
0 0.253088 0.633040 0.167576 0.319680 10.8300 0.1256672081689487
0 0.379666 0.540067 0.105966 0.145253 20.2100 0.23450916686006032
0 0.404972 0.511987 0.065757 0.105467 28.3600 0.3290786725458343
0 0.417597 0.505493 0.064984 0.093173 31.3200 0.363425388721281
0 0.783039 0.670920 0.248800 0.456400 9.2800 0.10768159665815732
1 0.648567 0.616480 0.039179 0.287093 10.8100 0.12543513576235785
0 0.651791 0.580613 0.096691 0.194240 16.0300 0.18600603388257136
0 0.610604 0.548547 0.065121 0.137040 21.3000 0.247157113019262
0 0.591888 0.509493 0.056063 0.135787 26.6000 0.30865630076583894
1 0.559525 0.498213 0.009662 0.081280 38.8500 0.45080064980273843
0 0.049537 0.645067 0.099074 0.292960 8.8900 0.10315618472963564
0 0.299360 0.517093 0.077399 0.125867 23.6800 0.27477372940357386
0 0.504626 0.494013 0.029509 0.089093 34.9100 0.4050823857043397
0 0.146421 0.595587 0.155966 0.221840 13.9000 0.16129032258064516
