1 0.832460 0.563773 0.050990 0.418213 7.9100 0.09178463680668368
2 0.043064 0.745587 0.086127 0.503493 3.6500 0.04235321420283128
2 0.288591 0.633440 0.063124 0.371307 10.2300 0.11870503597122302
0 0.706864 0.674307 0.196659 0.449680 8.4100 0.09758644697145509
0 0.611948 0.570160 0.105072 0.291893 13.4800 0.15641680204223718
0 0.576691 0.527907 0.071739 0.211227 19.0100 0.22058482246460895
0 0.558792 0.523560 0.046844 0.139120 24.4000 0.2831283360408447
1 0.519577 0.476520 0.009928 0.095013 38.9600 0.4520770480389881
1 0.523833 0.481520 0.008857 0.091680 39.6700 0.46031561847296354
0 0.438253 0.481160 0.022206 0.074107 50.6300 0.5874912972847528
1 0.483353 0.475053 0.006981 0.062693 55.2900 0.6415641680204223
0 0.380680 0.527213 0.046707 0.111333 27.9700 0.32455326061731254
0 0.075511 0.774453 0.151023 0.445760 5.3300 0.06184729635646321
0 0.184851 0.693133 0.202101 0.367067 10.2800 0.11928521698770014
0 0.287186 0.605427 0.116014 0.232933 15.4000 0.17869575307495938
0 0.340262 0.552053 0.075048 0.168907 20.8600 0.24205152007426314
