0 0.890721 0.644000 0.216948 0.706667 5.6400 0.06544441865862148
0 0.299243 0.599400 0.104686 0.232027 15.3900 0.17857971687166396
0 0.327218 0.651040 0.177560 0.374720 10.7500 0.12473891854258527
0 0.747093 0.458960 0.134042 0.162240 24.0000 0.2784868879090276
0 0.838144 0.439400 0.066465 0.110533 33.3300 0.38674866558366205
0 0.876019 0.442933 0.075386 0.100267 33.7500 0.39162218612207006
0 0.383116 0.542133 0.049114 0.108907 27.6000 0.32025992109538176
0 0.351932 0.565560 0.073462 0.157307 21.6400 0.25110234393130654
0 0.557790 0.505347 0.040121 0.093467 33.4100 0.38767695521002543
0 0.501848 0.509280 0.027641 0.071573 44.7300 0.5190299373404501
0 0.477935 0.475080 0.030829 0.041573 79.3100 0.9202831283360408
