0 0.489758 0.548960 0.046618 0.126293 22.8800 0.26549083313993965
0 0.047101 0.728347 0.094203 0.537973 5.1800 0.06010675330703179
0 0.286647 0.586427 0.135354 0.191573 16.5100 0.19157577164075193
0 0.328414 0.575920 0.108164 0.150453 19.4800 0.22603852401949406
0 0.358052 0.539493 0.070274 0.112853 27.2300 0.3159665815734509
0 0.431526 0.553293 0.049412 0.108027 25.0300 0.29043861684845673
0 0.572158 0.554587 0.065523 0.151360 20.7800 0.24112323044789974
0 0.518740 0.505827 0.021747 0.056133 49.6400 0.5760037131585054
0 0.148837 0.599960 0.128092 0.187387 16.1700 0.18763054072870736
0 0.490475 0.522893 0.031433 0.095013 32.8600 0.38129496402877694
0 0.114746 0.554733 0.086997 0.122640 22.9600 0.2664191227663031
2 0.029839 0.555600 0.047794 0.133440 22.2800 0.25852866094221394
