0 0.604187 0.590107 0.086393 0.195360 15.6200 0.18124854954745878
0 0.282705 0.647933 0.158986 0.341680 10.5500 0.12241819447667672
0 0.531377 0.509320 0.031530 0.078587 37.9900 0.44082153631933163
0 0.089215 0.641960 0.178430 0.299173 11.2600 0.13065676491065212
0 0.366180 0.569467 0.080040 0.175200 18.3400 0.21281039684381525
0 0.266216 0.562173 0.081159 0.140987 21.4300 0.24866558366210256
0 0.326296 0.538627 0.049388 0.097360 30.3800 0.35251798561151076
0 0.426618 0.513547 0.027488 0.065387 42.1100 0.48862845207704797
0 0.436920 0.501947 0.020878 0.053227 51.8000 0.6010675330703179
0 0.483893 0.504360 0.021522 0.066907 47.6200 0.5525644000928289
0 0.504469 0.491547 0.011417 0.038347 74.3300 0.8624970990949176
