0 0.473168 0.518213 0.027206 0.082133 39.6700 0.46031561847296354
0 0.061469 0.710693 0.122939 0.354613 8.7700 0.1017637502900905
0 0.156562 0.772867 0.313124 0.454267 6.2100 0.07205848224646089
0 0.217057 0.595133 0.116852 0.189467 17.1600 0.19911812485495473
0 0.278716 0.559680 0.065048 0.118720 24.5500 0.28486887909027614
0 0.352967 0.570960 0.071989 0.140587 21.8800 0.25388721281039683
0 0.426171 0.519320 0.023357 0.061733 46.8100 0.5431654676258992
0 0.040612 0.618867 0.081224 0.194000 14.6200 0.16964492921791596
0 0.138321 0.564867 0.113132 0.162587 21.5400 0.24994198189835226
0 0.271518 0.536680 0.058205 0.105467 31.1000 0.3608725922487816
