0 0.698953 0.667653 0.214541 0.506080 8.9200 0.10350429333952192
0 0.075181 0.750213 0.150362 0.494240 6.0700 0.0704339754003249
0 0.109368 0.696747 0.218736 0.382720 8.5000 0.09863077280111394
0 0.145016 0.619773 0.231417 0.286640 11.0500 0.12822000464144814
0 0.248800 0.551027 0.196924 0.261147 15.4800 0.17962404270132282
0 0.213297 0.592267 0.178784 0.262027 13.2300 0.15351589695985146
0 0.614400 0.589387 0.101441 0.221653 14.2800 0.16569969830587142
0 0.272508 0.539600 0.135789 0.216853 17.7300 0.20573218844279414
0 0.309344 0.548840 0.117995 0.162267 19.8200 0.22998375493153864
0 0.317105 0.533920 0.124791 0.155893 22.5400 0.2615456022278951
0 0.364956 0.509200 0.086256 0.104907 30.2100 0.3505453701554885
0 0.383829 0.492040 0.069332 0.108347 35.0700 0.40693896495706655
0 0.541200 0.513280 0.036441 0.094347 31.7800 0.36876305407287074
0 0.578768 0.551373 0.065910 0.167173 19.7700 0.22940357391506147
0 0.527210 0.492213 0.026965 0.079307 42.5300 0.493501972615456
