0 0.893466 0.745507 0.211457 0.503653 2.3400 0.02715247157113019
0 0.628438 0.642600 0.139227 0.298267 11.3200 0.13135298213042468
2 0.316006 0.608800 0.042222 0.269653 13.5000 0.15664887444882802
0 0.261167 0.647227 0.108857 0.227840 14.2200 0.16500348108609886
0 0.543977 0.566160 0.081031 0.200053 18.3700 0.21315850545370155
0 0.479855 0.547680 0.042754 0.103787 30.2800 0.3513576235785565
0 0.346111 0.547960 0.032609 0.083333 35.4000 0.4107681596658157
0 0.454634 0.531240 0.028060 0.075227 40.3000 0.46762589928057546
1 0.331739 0.517907 0.008824 0.079493 44.1600 0.5124158737526108
1 0.324976 0.527093 0.009243 0.079733 44.0100 0.5106753307031793
2 0.354448 0.595147 0.034839 0.221760 15.7800 0.18310512880018565
