0 0.502548 0.524880 0.049300 0.132640 21.7400 0.2522627059642608
0 0.298281 0.603053 0.171667 0.258213 12.1300 0.14075191459735437
0 0.360495 0.523173 0.090362 0.151840 20.2200 0.23462520306335574
0 0.382818 0.513480 0.087230 0.128293 23.2100 0.2693200278486888
0 0.408696 0.494107 0.070161 0.090987 30.8800 0.35831979577628215
0 0.826429 0.734400 0.277367 0.462453 7.9700 0.09248085402645624
0 0.679291 0.606773 0.124750 0.236000 13.3000 0.15432815038291947
0 0.628048 0.533507 0.086176 0.201040 18.6000 0.2158273381294964
1 0.566393 0.496680 0.012882 0.102267 30.9900 0.35959619401253184
0 0.675890 0.498907 0.089573 0.114080 30.3100 0.35170573218844275
0 0.078639 0.618093 0.157279 0.314960 10.2500 0.11893710837781386
0 0.183824 0.550093 0.138760 0.199120 15.6100 0.18113251334416336
0 0.498551 0.487347 0.028953 0.087493 35.5200 0.4121605941053609
0 0.248233 0.525547 0.083100 0.154720 20.0400 0.23253655140403803
0 0.022822 0.540667 0.045644 0.187147 15.6000 0.18101647714086794
