0 0.497460 0.524107 0.040362 0.126453 25.8200 0.2996054769087955
0 0.264855 0.591640 0.097971 0.171547 18.1300 0.21037363657461125
0 0.731345 0.608013 0.188052 0.321040 10.8600 0.12601531677883498
0 0.629795 0.545733 0.120717 0.172320 17.5800 0.2039916453933627
0 0.612951 0.533987 0.096723 0.143973 21.3600 0.24785333023903455
0 0.603160 0.513253 0.081393 0.132533 25.2300 0.2927593409143653
0 0.553829 0.498467 0.058124 0.076827 39.3100 0.4561383151543281
0 0.537621 0.482960 0.040105 0.053867 57.1000 0.6625667208168948
0 0.323454 0.511867 0.046441 0.090133 38.2200 0.44349036899512645
0 0.349034 0.506293 0.035862 0.074400 44.5500 0.5169412856811324
0 0.369754 0.504800 0.028011 0.052800 51.4700 0.5972383383615687
0 0.401679 0.489840 0.022198 0.043200 67.7900 0.7866094221397076
0 0.299754 0.503920 0.028736 0.064160 45.8200 0.5316778834996518
0 0.092057 0.514733 0.033680 0.073680 40.9400 0.47505221629148286
