1 0.051453 0.657293 0.090459 0.518320 6.9900 0.0811093061035043
1 0.180435 0.540120 0.029533 0.262480 13.9300 0.16163843119053142
1 0.163100 0.528533 0.030548 0.255787 14.3900 0.16697609654212114
2 0.671365 0.548133 0.041200 0.288480 12.6400 0.1466697609654212
1 0.496216 0.540640 0.025346 0.191413 16.9000 0.19610118356927358
2 0.400205 0.500387 0.020539 0.135440 25.7600 0.298909259689023
1 0.071876 0.632453 0.053027 0.432000 7.9700 0.09248085402645624
1 0.635632 0.487587 0.012923 0.148240 23.0300 0.2672313761893711
1 0.559879 0.468253 0.009581 0.093413 36.8800 0.4279415177535391
1 0.531320 0.481467 0.007488 0.096533 35.5500 0.4125087027152471
1 0.542951 0.472667 0.008607 0.096587 35.5300 0.4122766303086563
1 0.593398 0.461907 0.009372 0.093787 39.0600 0.45323741007194246
1 0.603913 0.461400 0.010725 0.100933 37.2900 0.43269900208865164
