0 0.494847 0.527173 0.036763 0.115200 28.1700 0.32687398468322115
0 0.882943 0.704640 0.232504 0.585387 5.6800 0.0659085634718032
0 0.773957 0.658320 0.192794 0.377973 9.3900 0.10895799489440705
0 0.696123 0.597587 0.163680 0.248453 13.0000 0.15084706428405661
0 0.402472 0.506067 0.027568 0.057467 48.4700 0.5624274773729403
0 0.258293 0.598080 0.101626 0.189067 16.4700 0.19111162682757019
0 0.600036 0.524813 0.095403 0.131440 23.7500 0.2755859828266419
0 0.567979 0.511467 0.071562 0.094720 30.4600 0.3534462752378742
0 0.362367 0.498147 0.031433 0.066373 51.1000 0.5929449988396379
0 0.377009 0.497387 0.025612 0.056907 57.6100 0.6684845671849616
0 0.412190 0.486387 0.018035 0.036187 80.4500 0.9335112555117197
0 0.339155 0.495253 0.020113 0.049547 58.9100 0.6835692736133673
