1 0.614364 0.657960 0.049919 0.456347 7.7500 0.08992805755395683
1 0.686204 0.644240 0.052069 0.459413 8.0700 0.09364121605941053
1 0.252267 0.594707 0.040523 0.305733 11.8200 0.1371547922951961
1 0.520588 0.543373 0.023349 0.203067 17.0000 0.1972615456022279
1 0.678313 0.564827 0.044549 0.304213 11.3500 0.13170109074031097
1 0.893752 0.602013 0.061723 0.451600 8.0500 0.09340914365281969
1 0.858792 0.568787 0.040258 0.354053 9.8000 0.1137154792295196
1 0.334452 0.570680 0.026296 0.233093 14.4900 0.16813645857507542
1 0.310056 0.564627 0.021465 0.238000 14.6600 0.17010907403109768
1 0.921598 0.564693 0.058237 0.388480 9.2800 0.10768159665815732
0 0.435572 0.483827 0.029324 0.097947 38.1900 0.4431422603852401
0 0.355386 0.508000 0.070370 0.192800 23.5000 0.2726850777442562
