0 0.484340 0.528320 0.031192 0.094293 34.8300 0.40415409607797625
0 0.171393 0.754587 0.299388 0.490827 7.2700 0.08435831979577627
0 0.123764 0.639120 0.191812 0.273440 12.4200 0.14411696449292177
0 0.298527 0.567147 0.073060 0.132213 22.8300 0.2649106521234625
0 0.389903 0.580320 0.071047 0.156693 19.6100 0.22754699466233463
0 0.350020 0.532440 0.046449 0.093040 32.3500 0.37537711766071014
0 0.412363 0.533307 0.037931 0.082987 35.0200 0.40635878394058944
0 0.059481 0.615293 0.118961 0.235333 14.5500 0.16883267579484798
0 0.152359 0.575867 0.112544 0.154987 21.2700 0.2468090044093757
0 0.264332 0.543453 0.055556 0.088400 31.9500 0.370735669528893
