1 0.972585 0.640987 0.053221 0.628853 6.1700 0.07159433743327917
0 0.971638 0.767760 0.055113 0.459147 2.1200 0.02459967509863077
0 0.829875 0.749173 0.302729 0.496320 7.6400 0.08865165931770712
0 0.222548 0.717213 0.240282 0.463920 8.4000 0.09747041076815967
0 0.345974 0.618013 0.105282 0.243173 13.7900 0.16001392434439543
0 0.662021 0.604320 0.117327 0.243413 14.4200 0.1673242051520074
0 0.401385 0.552240 0.065121 0.175787 21.3300 0.24750522162914826
0 0.459529 0.530120 0.052778 0.119600 28.1800 0.3269900208865166
0 0.612053 0.547587 0.053784 0.156133 21.9000 0.2541192852169877
0 0.547037 0.511600 0.046554 0.081760 38.5000 0.44673938268739843
