0 0.142242 0.724480 0.210169 0.369653 10.0300 0.11638431190531444
0 0.357798 0.619120 0.093905 0.223680 15.2100 0.17649106521234625
0 0.249686 0.639640 0.124670 0.240667 14.2500 0.16535158969598512
2 0.694275 0.593893 0.095717 0.261493 11.8200 0.1371547922951961
0 0.944126 0.538747 0.110137 0.268213 13.1800 0.15293571594337432
2 0.987138 0.711227 0.024114 0.572213 4.7500 0.055117196565328375
2 0.762214 0.612267 0.112190 0.303253 10.2300 0.11870503597122302
0 0.429444 0.531800 0.032222 0.093253 34.8200 0.4040380598746809
0 0.547959 0.524120 0.073519 0.095867 34.3600 0.39870039452309114
0 0.519396 0.506307 0.050918 0.070427 48.1100 0.5582501740543049
