0 0.508704 0.568387 0.054058 0.169840 19.7500 0.22917150150847063
0 0.717520 0.600227 0.162383 0.292400 12.1400 0.1408679508006498
0 0.611111 0.545627 0.081288 0.138987 23.1000 0.26804362961243905
0 0.577762 0.531760 0.069742 0.098133 29.6800 0.3443954513808308
0 0.107476 0.698747 0.214952 0.361493 10.6400 0.12346252030633557
0 0.370552 0.544347 0.053615 0.116640 28.6500 0.3324437224414017
0 0.430926 0.517467 0.031868 0.072960 44.9000 0.5210025527964725
0 0.227013 0.579467 0.098551 0.142933 22.9700 0.2665351589695985
0 0.283353 0.546707 0.062037 0.129947 29.0800 0.33743327918310506
0 0.473398 0.502627 0.023865 0.044987 65.0000 0.754235321420283
0 0.347890 0.527107 0.045491 0.081947 39.4600 0.45787885820375956
0 0.407826 0.517920 0.037794 0.056160 52.2700 0.606521234625203
0 0.085946 0.572493 0.106836 0.146000 21.4700 0.24912972847528425
0 0.102882 0.542467 0.098873 0.098640 31.8500 0.3695753074959387
0 0.534795 0.495293 0.019010 0.040933 73.3100 0.8506614063587838
