0 0.925934 0.762027 0.146522 0.470613 5.4500 0.06323973079600835
0 0.099090 0.697120 0.198180 0.432267 7.7500 0.08992805755395683
0 0.529006 0.526853 0.028994 0.069653 39.6000 0.45950336504989553
0 0.382375 0.524413 0.079919 0.096507 33.1000 0.38407983290786724
0 0.629006 0.550627 0.099799 0.123227 25.0400 0.2905546530517521
0 0.302375 0.549880 0.136361 0.184933 19.7700 0.22940357391506147
0 0.267822 0.594107 0.173470 0.208427 14.8200 0.17196565328382454
0 0.144851 0.658773 0.289702 0.329227 10.0900 0.11708052912508701
0 0.740390 0.596933 0.159106 0.213333 15.3200 0.17776746344859595
0 0.789070 0.624187 0.191280 0.231520 13.0600 0.15154328150382917
