0 0.276594 0.682320 0.164670 0.316480 11.1600 0.12949640287769784
0 0.126119 0.759147 0.252238 0.476373 5.4600 0.06335576699930377
0 0.680878 0.550800 0.105330 0.202187 16.6000 0.19262009747041076
0 0.364863 0.590867 0.086006 0.195867 17.3300 0.20109074031097698
0 0.410890 0.562987 0.051683 0.129387 23.6100 0.2739614759805059
0 0.426570 0.545853 0.043301 0.106800 28.6900 0.33290786725458343
0 0.551441 0.535480 0.041465 0.116507 28.1000 0.32606173126015314
0 0.679444 0.512627 0.133172 0.147760 20.7200 0.24042701322812715
0 0.566530 0.528667 0.048019 0.096053 32.3500 0.37537711766071014
0 0.595523 0.509587 0.049919 0.089893 36.2000 0.42005105592944997
0 0.548430 0.470347 0.031755 0.034560 74.2900 0.8620329542817359
