0 0.933233 0.560653 0.102939 0.136880 24.4900 0.28417266187050355
0 0.881441 0.555320 0.100628 0.130053 23.7500 0.2755859828266419
0 0.813796 0.554880 0.093341 0.140107 24.2300 0.28115572058482247
0 0.498873 0.500507 0.027488 0.080853 36.8400 0.42747737294035737
1 0.977271 0.698133 0.014863 0.571733 5.9100 0.06857739614759804
1 0.160523 0.467640 0.013688 0.125467 30.2800 0.3513576235785565
1 0.250902 0.490013 0.014493 0.137147 26.5700 0.3083081921559526
2 0.424344 0.492080 0.020233 0.129867 31.3500 0.3637734973311673
1 0.216763 0.468120 0.014219 0.114747 32.2800 0.3745648642376421
1 0.283277 0.542400 0.029791 0.242560 15.3700 0.1783476444650731
1 0.308551 0.537000 0.045378 0.232560 15.9500 0.1850777442562079
1 0.338659 0.546773 0.038913 0.251253 14.8800 0.17266187050359713
1 0.439078 0.581080 0.039187 0.331387 11.4300 0.13262938036667438
1 0.478639 0.568773 0.045620 0.292480 12.1100 0.1405198421907635
1 0.316345 0.581467 0.032206 0.306347 11.9700 0.13889533534462753
1 0.354151 0.568813 0.035161 0.293787 12.4600 0.1445811093061035
1 0.383869 0.564533 0.038913 0.259253 12.9900 0.1507310280807612
1 0.284710 0.553147 0.032738 0.262027 13.9000 0.16129032258064516
