0 0.237037 0.722533 0.206924 0.383680 9.6000 0.11139475516361104
0 0.096719 0.766773 0.193438 0.461120 3.9400 0.045718264098398693
0 0.702271 0.558840 0.123333 0.227227 15.0200 0.1742863773497331
0 0.352138 0.603347 0.096723 0.217947 15.7700 0.18298909259689022
0 0.404686 0.566840 0.056377 0.139333 22.0200 0.2555117196565328
0 0.421872 0.552573 0.046514 0.114160 27.0900 0.3143420747273149
0 0.554324 0.538720 0.043816 0.124053 26.5100 0.3076119749361801
0 0.694762 0.514533 0.145580 0.160267 19.1600 0.22232536551404036
0 0.569891 0.531213 0.050185 0.101200 30.8000 0.35739150614991877
0 0.599448 0.513053 0.052037 0.094320 34.6100 0.40160129960547686
0 0.571787 0.469000 0.031997 0.034747 73.8800 0.8572754699466232
