0 0.450097 0.512013 0.017424 0.048400 57.2400 0.6641912276630308
0 0.038893 0.759667 0.077786 0.480667 4.4100 0.05117196565328382
0 0.534332 0.592893 0.087923 0.219547 16.1400 0.18728243211882106
0 0.199062 0.651400 0.150781 0.267440 12.2900 0.1426084938500812
0 0.287947 0.586760 0.080580 0.164560 18.6900 0.21687166395915525
0 0.424992 0.542920 0.038374 0.119280 27.7100 0.32153631933163146
0 0.319871 0.548533 0.054058 0.113440 26.9000 0.31213738686470177
0 0.245475 0.550107 0.065636 0.113387 26.7400 0.3102808076119749
0 0.353446 0.528040 0.031578 0.075600 39.0700 0.4533534462752378
0 0.364078 0.518427 0.024710 0.061333 47.7000 0.5534926897191924
