0 0.932850 0.558400 0.103704 0.136640 24.4700 0.2839405894639127
0 0.881405 0.555520 0.100072 0.130027 23.7600 0.27570201902993735
0 0.813889 0.554560 0.093285 0.140053 24.2300 0.28115572058482247
0 0.498816 0.500827 0.027424 0.080853 36.8300 0.4273613367370619
2 0.447536 0.566893 0.054106 0.251813 14.0600 0.163146901833372
2 0.498720 0.546187 0.055829 0.245013 15.1700 0.17602692039916454
2 0.382806 0.505613 0.019702 0.114320 29.6200 0.34369923416105824
1 0.153100 0.460427 0.013945 0.126507 30.0800 0.3490368995126479
1 0.083945 0.519200 0.033977 0.248533 14.9500 0.17347412392666509
1 0.197899 0.489320 0.018583 0.153520 24.1100 0.2797632861452773
1 0.171912 0.481573 0.018849 0.155733 23.9100 0.27744256207936874
1 0.559143 0.611520 0.043502 0.407040 9.4300 0.10942213970758875
1 0.595745 0.593800 0.053245 0.384613 9.9100 0.11499187746576932
1 0.659630 0.604413 0.097552 0.447653 8.6600 0.1004873520538408
1 0.938780 0.681600 0.091844 0.604800 5.1900 0.060222789510327224
1 0.653732 0.639400 0.062987 0.496933 7.6300 0.08853562311441168
