0 0.056614 0.789147 0.113229 0.416373 2.1000 0.024367602692039917
0 0.798052 0.751693 0.364171 0.491280 6.6200 0.07681596658157344
0 0.181361 0.762200 0.305105 0.470267 7.6600 0.08888373172429798
0 0.315113 0.627080 0.110064 0.255387 13.1000 0.1520074263170109
0 0.368635 0.580920 0.078704 0.173520 17.7800 0.20631236945927128
0 0.642218 0.612480 0.129461 0.267680 12.8600 0.14922255743792062
0 0.595640 0.555347 0.070475 0.173947 18.2400 0.21165003481086095
0 0.788551 0.494493 0.111208 0.163067 25.4500 0.2953121373868647
0 0.533317 0.509320 0.033688 0.077413 39.7500 0.46124390809932697
0 0.493160 0.499987 0.027126 0.051227 54.4700 0.6320491993501972
0 0.466397 0.487787 0.031683 0.044533 69.5900 0.8074959387328846
2 0.418760 0.490520 0.015217 0.053413 60.0300 0.6965653283824553
