0 0.495129 0.557267 0.061498 0.185520 18.6100 0.21594337433279182
0 0.022021 0.695747 0.044042 0.343333 7.5900 0.08807147830122998
0 0.127939 0.744027 0.255878 0.511947 5.0100 0.05813413785100951
0 0.204368 0.590267 0.118527 0.180587 17.6400 0.2046878626131353
0 0.331441 0.587867 0.097166 0.210667 16.2100 0.18809468554188907
0 0.389557 0.538853 0.045797 0.102613 27.9700 0.32455326061731254
0 0.416304 0.520147 0.035507 0.081947 36.0000 0.4177303318635414
0 0.195427 0.556600 0.092496 0.128293 24.9600 0.2896263634253887
0 0.252641 0.537413 0.056989 0.097067 31.6000 0.36667440241355304
0 0.516848 0.500720 0.015354 0.040000 74.1500 0.8604084474355999
