0 0.463812 0.544853 0.039300 0.102613 28.0200 0.3251334416337897
0 0.246876 0.610760 0.143929 0.194267 15.9900 0.18554188906938965
0 0.301486 0.578973 0.103728 0.173093 18.9800 0.22023671385472265
0 0.358442 0.553707 0.082407 0.113280 25.9200 0.3007658389417498
0 0.381127 0.544480 0.063205 0.097547 28.6500 0.3324437224414017
0 0.666868 0.702973 0.173172 0.398640 9.1200 0.10582501740543047
0 0.607190 0.624147 0.086957 0.225947 13.3800 0.1552564400092829
0 0.569122 0.579147 0.067552 0.168800 18.3300 0.2126943606405198
0 0.157782 0.566920 0.086643 0.119867 26.5800 0.30842422835924804
0 0.478426 0.528987 0.029557 0.083733 37.3100 0.4329310744952425
