0 0.864956 0.751560 0.268478 0.491547 3.1000 0.03597122302158273
0 0.214380 0.750400 0.206538 0.390560 9.3800 0.10884195869111163
0 0.614513 0.611080 0.102182 0.247867 13.3300 0.15467625899280574
0 0.346751 0.597240 0.088623 0.204880 18.6500 0.2164075191459735
0 0.403688 0.545680 0.039211 0.104373 32.5500 0.37769784172661863
2 0.461031 0.511440 0.007907 0.063840 56.9900 0.6612903225806451
2 0.470362 0.509800 0.007456 0.060187 57.2800 0.6646553724762125
0 0.427029 0.526987 0.026457 0.063253 48.6000 0.5639359480157808
0 0.518869 0.503600 0.016031 0.043787 69.3300 0.8044789974472034
0 0.547351 0.533640 0.042448 0.115120 29.0000 0.3365049895567417
