0 0.498205 0.529200 0.041353 0.129547 25.2500 0.29299141332095613
0 0.191558 0.641133 0.151006 0.241573 13.6900 0.15885356231144115
0 0.782303 0.649707 0.221192 0.407413 8.9600 0.10396843815270365
0 0.645741 0.560760 0.132866 0.196613 15.6900 0.1820608029705268
0 0.625616 0.542040 0.105467 0.159813 19.4400 0.22557437920631238
0 0.612363 0.520107 0.087367 0.144000 23.3800 0.27129264330471103
0 0.557456 0.500413 0.060998 0.081040 37.3600 0.4335112555117196
0 0.539537 0.488893 0.041409 0.055867 55.2500 0.6411000232072406
0 0.314972 0.517440 0.050089 0.095573 36.1700 0.4197029473195637
0 0.343048 0.513533 0.037947 0.077840 42.6700 0.495126479461592
0 0.365403 0.510027 0.029517 0.055040 49.5600 0.575075423532142
0 0.399988 0.495053 0.024050 0.044560 65.7600 0.7630540728707357
0 0.292593 0.509520 0.030628 0.067040 43.9300 0.5097470410768159
0 0.073120 0.518960 0.034420 0.077547 39.0300 0.45288930146205614
