1 0.289972 0.486933 0.014823 0.113547 32.0400 0.37177999535855183
0 0.279972 0.473720 0.050845 0.128933 35.1500 0.40786725458343
0 0.316071 0.483667 0.050145 0.094533 37.6000 0.4362961243908099
0 0.364666 0.477160 0.058205 0.081040 39.0300 0.45288930146205614
0 0.516969 0.467253 0.041473 0.066507 46.1100 0.5350429333952192
0 0.551739 0.462027 0.043623 0.070080 48.3100 0.5605708981202134
0 0.577967 0.469533 0.048060 0.054800 52.6600 0.6110466465537246
0 0.601534 0.470080 0.035209 0.055040 53.3200 0.618705035971223
0 0.620773 0.470533 0.039984 0.051947 54.0600 0.6272917150150846
0 0.641502 0.466493 0.046433 0.053680 55.2200 0.6407519145973544
0 0.694122 0.457667 0.042770 0.050160 60.5000 0.7020190299373404
0 0.709867 0.458120 0.037238 0.045733 62.0700 0.7202367138547227
