0 0.848092 0.742053 0.302206 0.510560 5.9300 0.0688094685541889
0 0.393325 0.582040 0.093881 0.284773 14.7600 0.17126943606405196
0 0.129461 0.780613 0.258921 0.433440 3.5700 0.041424924576467854
0 0.621260 0.574840 0.080072 0.164987 18.5900 0.21571130192620094
0 0.689831 0.640747 0.132721 0.284533 12.5000 0.1450452541192852
0 0.463325 0.513680 0.027536 0.085387 36.4100 0.4224878161986539
0 0.425801 0.558453 0.058543 0.157493 20.4600 0.23741007194244604
0 0.602911 0.554573 0.053068 0.134480 23.5500 0.2732652587607333
0 0.581449 0.530693 0.041159 0.099840 30.3200 0.3518217683917382
0 0.567697 0.520000 0.034799 0.086507 35.0000 0.4061267115339986
