0 0.486256 0.570120 0.048100 0.132880 22.3200 0.2589928057553957
0 0.190934 0.642920 0.152319 0.282693 11.9600 0.1387792991413321
0 0.328961 0.714560 0.164364 0.339413 9.7100 0.11267115339986075
0 0.382738 0.619707 0.079195 0.221813 15.1000 0.17521466697609653
0 0.403281 0.583773 0.060733 0.153467 19.9700 0.23172429798097002
0 0.328052 0.566493 0.088084 0.132613 21.8100 0.2530749593873288
0 0.445503 0.528333 0.024533 0.063173 42.8800 0.497563239730796
1 0.975672 0.759467 0.047045 0.475733 2.7700 0.0321420283128336
0 0.822919 0.765347 0.352552 0.463973 5.4200 0.06289162218612207
0 0.660475 0.705867 0.163833 0.339573 10.2600 0.1190531445811093
0 0.593297 0.595507 0.079622 0.210160 16.2600 0.1886748665583662
0 0.527568 0.543387 0.033076 0.085067 34.2100 0.39695985147365975
0 0.224750 0.541880 0.060306 0.084560 34.0600 0.39521930842422837
0 0.480918 0.538240 0.030193 0.092480 34.1400 0.39614759805059174
0 0.119879 0.553693 0.093237 0.120240 24.1800 0.2805755395683453
