0 0.485350 0.503827 0.019863 0.062587 49.8500 0.5784404734277094
0 0.354070 0.626467 0.106610 0.250000 13.3500 0.15490833139939658
0 0.927460 0.762693 0.143470 0.469280 1.6700 0.019378045950336504
0 0.814803 0.734760 0.368784 0.525147 6.0100 0.06973775818055232
0 0.654094 0.649920 0.133261 0.381440 9.9700 0.11568809468554189
0 0.571075 0.561267 0.066449 0.164827 19.6500 0.22801113947551632
0 0.531276 0.519293 0.030539 0.087760 34.9600 0.40566256672081685
0 0.553225 0.538840 0.048092 0.133733 24.7700 0.28742167556277554
0 0.307899 0.537760 0.064895 0.078293 39.4900 0.45822696681364583
0 0.225101 0.541533 0.073052 0.081733 39.4500 0.45776282200046414
0 0.515898 0.503813 0.020362 0.056480 53.4300 0.6199814342074726
1 0.697991 0.563800 0.034501 0.306480 11.7800 0.13669064748201437
