0 0.917621 0.735867 0.163148 0.522933 1.9300 0.022394987236017634
0 0.758132 0.699267 0.275427 0.596133 7.0700 0.08203759572986771
0 0.636594 0.583067 0.130757 0.348373 12.3900 0.1437688558830355
0 0.593128 0.551813 0.069702 0.194453 17.9800 0.20863309352517984
1 0.548881 0.494627 0.012077 0.115813 32.0500 0.37189603156184725
1 0.552110 0.499107 0.011272 0.111600 32.7000 0.37943838477605013
0 0.437802 0.501333 0.025894 0.085013 44.3800 0.5149686702251102
1 0.500129 0.490307 0.008857 0.070267 49.3900 0.5731028080761197
0 0.356643 0.561400 0.065411 0.147707 21.6900 0.2516825249477837
0 0.044388 0.785627 0.088776 0.423413 4.0900 0.047458807147830115
0 0.142971 0.740240 0.263043 0.455893 9.1200 0.10582501740543047
0 0.280531 0.613827 0.122238 0.255227 14.5200 0.1684845671849617
