0 0.299614 0.700827 0.137440 0.321707 11.8300 0.1372708284984915
0 0.814807 0.767267 0.321498 0.460133 6.1400 0.07124622882339289
0 0.641928 0.669360 0.142794 0.329547 10.8100 0.12543513576235785
0 0.581647 0.621120 0.087013 0.199200 16.8200 0.19517289394291018
0 0.359638 0.639333 0.085121 0.192213 17.7200 0.2056161522394987
0 0.381566 0.597307 0.051039 0.138773 23.3600 0.2710605708981202
0 0.403265 0.592627 0.044002 0.112400 27.8700 0.3233928985843583
0 0.559996 0.590867 0.058671 0.144933 23.0100 0.26699930378278025
0 0.546417 0.569733 0.041079 0.111253 28.5900 0.3317475052216291
0 0.690761 0.528347 0.072697 0.114347 35.7600 0.4149454629844511
2 0.444714 0.536053 0.011184 0.043093 75.6400 0.8776978417266187
