0 0.056735 0.792173 0.113470 0.410320 2.1300 0.024715711301926197
0 0.964062 0.558533 0.070266 0.337867 9.8100 0.11383151543281504
0 0.910048 0.544267 0.151820 0.259040 12.9800 0.15061499187746577
0 0.839924 0.524400 0.137738 0.218987 15.7900 0.18322116500348107
0 0.788986 0.527053 0.127649 0.167493 18.8400 0.21861220700858666
0 0.750149 0.506600 0.098961 0.141200 21.8300 0.25330703179391967
0 0.736288 0.693840 0.219308 0.479787 8.3300 0.09665815734509166
0 0.636188 0.606547 0.095531 0.218587 14.2200 0.16500348108609886
0 0.338796 0.621547 0.130233 0.276373 13.0800 0.15177535391042005
0 0.669682 0.498427 0.089010 0.125653 27.5200 0.31933163146901833
0 0.425081 0.558413 0.053140 0.145467 24.2700 0.28161986539800415
0 0.439279 0.539760 0.046530 0.113333 29.6600 0.34416337897423993
0 0.565576 0.492667 0.056739 0.066293 52.0000 0.6033882571362265
