0 0.044070 0.779800 0.088140 0.435067 5.2200 0.0605708981202135
0 0.281510 0.613840 0.109589 0.214027 16.3100 0.18925504757484332
0 0.336618 0.572400 0.070837 0.143520 21.7000 0.2517985611510791
0 0.365998 0.553573 0.049404 0.114453 26.6100 0.30877233696913436
0 0.388953 0.537520 0.041916 0.090933 32.5100 0.37723369691343694
0 0.685411 0.468067 0.093688 0.118160 28.1600 0.32675794847992573
0 0.650064 0.466707 0.068889 0.102107 33.0400 0.38338361568809465
0 0.959875 0.405640 0.078639 0.114373 27.3700 0.3175910884195869
0 0.939634 0.414240 0.115177 0.113707 30.0800 0.3490368995126479
0 0.910882 0.419787 0.111006 0.095787 32.9900 0.38280343467161754
0 0.883486 0.419547 0.101465 0.091253 35.3400 0.41007194244604317
0 0.413225 0.521480 0.033663 0.073200 40.2200 0.4666976096542121
0 0.553233 0.502440 0.034259 0.088347 34.3200 0.39823624970990945
