0 0.616308 0.613760 0.095692 0.225013 13.9100 0.16140635878394058
0 0.111896 0.617547 0.178784 0.277653 12.8500 0.1491065212346252
0 0.283353 0.653360 0.156031 0.311040 11.1900 0.1298445114875841
0 0.384767 0.548227 0.060757 0.149147 21.9900 0.25516361104664653
0 0.550781 0.535307 0.046699 0.113813 26.8500 0.31155720584822466
0 0.409734 0.536373 0.042689 0.102987 29.8700 0.34660013924344396
0 0.333237 0.533720 0.047279 0.093413 31.2200 0.3622650266883267
0 0.369553 0.520240 0.033357 0.070027 41.2400 0.47853330239034575
0 0.435668 0.511080 0.021256 0.052347 52.4300 0.6083778138779299
0 0.481554 0.506973 0.020097 0.062480 50.8500 0.5900440937572522
0 0.515684 0.506640 0.018728 0.053920 53.3700 0.6192852169877001
0 0.505596 0.500560 0.015137 0.046507 64.1000 0.7437920631236945
