0 0.099106 0.723467 0.198213 0.507733 7.2100 0.0836621025760037
0 0.102387 0.644387 0.204775 0.343547 9.7800 0.11348340682292873
0 0.180455 0.639307 0.223229 0.271467 12.0600 0.13993966117428638
0 0.215757 0.589707 0.203253 0.223413 14.5800 0.16918078440473427
0 0.283064 0.562933 0.135483 0.179253 19.1100 0.22174518449756322
0 0.305181 0.543667 0.132536 0.197253 21.6600 0.2513344163378974
2 0.438277 0.537160 0.011932 0.093893 33.7500 0.39162218612207006
0 0.837033 0.776120 0.324324 0.442427 4.7900 0.05558134137851009
0 0.863301 0.654293 0.271787 0.359893 9.8600 0.11441169644929217
0 0.786828 0.623400 0.201401 0.264827 12.3000 0.14272453005337665
0 0.723084 0.608693 0.151433 0.204373 15.1400 0.17567881178927824
0 0.693961 0.575880 0.111755 0.175120 17.7500 0.205964260849385
0 0.664843 0.574333 0.129477 0.161947 20.2400 0.23485727546994659
0 0.639654 0.565480 0.118341 0.129840 23.1800 0.2689719192388025
0 0.628780 0.544133 0.097142 0.141333 25.4800 0.29566024599675095
0 0.369360 0.536253 0.084195 0.092773 32.9000 0.3817591088419586
0 0.385443 0.535800 0.072158 0.085040 35.5800 0.4128568113251334
0 0.525938 0.530133 0.030411 0.076320 38.6700 0.4487119981434207
0 0.513213 0.514373 0.018969 0.053920 53.7000 0.6231144116964493
