0 0.106316 0.763107 0.212633 0.468453 4.6200 0.05360872592248781
0 0.247198 0.689867 0.209211 0.382133 9.8700 0.11452773265258759
0 0.946723 0.522773 0.104944 0.271253 13.8700 0.16094221397075886
0 0.832444 0.537093 0.116530 0.212107 15.4200 0.17892782548155023
0 0.767903 0.525853 0.097641 0.181680 17.9400 0.20816894871199815
0 0.739263 0.516213 0.095515 0.151307 21.1900 0.2458807147830123
0 0.711518 0.509467 0.091361 0.139413 23.9700 0.27813877929914127
0 0.689682 0.511667 0.090475 0.114107 27.0300 0.3136458575075423
0 0.598104 0.570867 0.082552 0.212613 16.3600 0.18983522859132046
0 0.572053 0.550120 0.053784 0.130000 22.3500 0.25934091436528195
0 0.389614 0.552600 0.070580 0.161200 20.9200 0.24274773729403573
0 0.622653 0.490027 0.066401 0.096373 35.6400 0.413553028544906
