0 0.932709 0.557587 0.103986 0.136560 24.4600 0.2838245532606173
0 0.881389 0.555587 0.099879 0.130000 23.7600 0.27570201902993735
0 0.813921 0.554440 0.093253 0.140027 24.2300 0.28115572058482247
0 0.498796 0.500947 0.027399 0.080880 36.8300 0.4273613367370619
2 0.640427 0.637120 0.128019 0.413813 8.7900 0.10199582269668135
2 0.785713 0.595267 0.151329 0.432827 8.9400 0.10373636574611278
2 0.288184 0.562973 0.050217 0.241573 14.4900 0.16813645857507542
1 0.155137 0.461173 0.016876 0.126667 30.0300 0.34845671849617077
1 0.158583 0.495640 0.021208 0.176560 21.0300 0.24402413553028543
1 0.133523 0.486093 0.022005 0.180240 20.7300 0.2405430494314226
1 0.764066 0.674920 0.061192 0.549147 7.1700 0.08319795776282199
1 0.780857 0.642693 0.057705 0.509013 7.6500 0.08876769552100255
1 0.884002 0.661173 0.066296 0.599680 6.6400 0.0770480389881643
1 0.933881 0.678133 0.101643 0.611733 5.6700 0.06579252726850777
