0 0.499762 0.548867 0.054984 0.148027 19.6600 0.22812717567881177
0 0.259505 0.596840 0.164726 0.309520 11.6900 0.13564632165235552
0 0.305733 0.581173 0.140934 0.206773 14.9100 0.1730099791134834
0 0.343865 0.555893 0.126634 0.166987 17.9900 0.20874912972847526
0 0.394891 0.526027 0.077029 0.122827 25.3200 0.29380366674402414
0 0.429767 0.489520 0.055072 0.072853 38.6500 0.4484799257368298
0 0.604219 0.547600 0.069211 0.144533 20.2800 0.23532142028312833
0 0.577077 0.522373 0.050354 0.126347 27.7800 0.32234857275469947
1 0.548704 0.507507 0.018116 0.108027 27.9700 0.32455326061731254
0 0.493474 0.509787 0.031940 0.096533 32.3700 0.3756091900673009
0 0.211916 0.492773 0.075845 0.100907 30.5300 0.3542585286609422
