0 0.505576 0.555173 0.050974 0.137973 21.0800 0.24460431654676254
0 0.064851 0.737067 0.129702 0.520533 4.7900 0.05558134137851009
0 0.166232 0.715707 0.273478 0.457440 7.7700 0.09016012996054767
0 0.339295 0.586293 0.123776 0.218293 15.1000 0.17521466697609653
0 0.352882 0.550827 0.099114 0.167200 19.0200 0.22070085866790437
0 0.413172 0.519773 0.076876 0.100613 28.4200 0.32977488976560687
0 0.742411 0.683827 0.193728 0.343173 10.0700 0.11684845671849617
0 0.637919 0.564613 0.095403 0.212800 17.3900 0.20178695753074957
1 0.584275 0.559853 0.024155 0.166373 18.3800 0.21327454165699694
0 0.578527 0.526493 0.042222 0.096133 29.5300 0.3426549083313994
0 0.569654 0.508893 0.039259 0.101840 34.8000 0.40380598746809
0 0.502911 0.509747 0.030362 0.090693 34.3100 0.3981202135066141
0 0.078023 0.518067 0.137899 0.157040 20.3800 0.23648178231608258
