0 0.513824 0.581733 0.059903 0.188960 18.0100 0.20898120213506613
0 0.665346 0.571480 0.126586 0.209787 16.2200 0.18821072174518447
0 0.597202 0.540187 0.070250 0.117440 27.1300 0.3148062195404966
0 0.570753 0.529693 0.061634 0.085893 33.7600 0.3917382223253655
0 0.025886 0.673000 0.051771 0.236027 10.6900 0.1240427013228127
0 0.327814 0.571680 0.070749 0.139147 23.9600 0.2780227430958459
0 0.421433 0.528667 0.033076 0.079040 41.5500 0.482130424692504
0 0.459762 0.512547 0.023374 0.056293 57.8700 0.6715015084706427
0 0.271944 0.571387 0.075870 0.119893 27.0700 0.31411000232072406
0 0.311514 0.543160 0.050934 0.113360 33.2200 0.38547226734741236
0 0.365201 0.528387 0.039275 0.074000 43.7600 0.5077744256207937
0 0.418643 0.521320 0.034694 0.052347 56.3600 0.6539800417730331
0 0.157222 0.562573 0.081820 0.121680 25.5100 0.29600835460663727
0 0.156010 0.539760 0.082150 0.086613 36.1200 0.4191227663030865
