0 0.494388 0.549493 0.044493 0.121013 23.9000 0.2773265258760733
0 0.132480 0.732760 0.212866 0.479440 7.6200 0.08841958691111626
0 0.244706 0.636973 0.174130 0.312880 10.6300 0.12334648410304015
0 0.342830 0.562613 0.116643 0.161493 18.3200 0.2125783244372244
0 0.366067 0.547093 0.091312 0.143627 21.2900 0.24704107681596654
0 0.390745 0.529267 0.072101 0.100453 28.9300 0.3356927361336737
0 0.860431 0.712280 0.277528 0.570107 5.9500 0.06904154096077976
1 0.600020 0.561307 0.021200 0.165493 19.3600 0.22464608957994892
0 0.793200 0.568253 0.157641 0.198747 18.0100 0.20898120213506613
0 0.490475 0.520320 0.027746 0.083840 36.9800 0.42910187978649333
0 0.079936 0.629453 0.159871 0.278640 11.5400 0.1339057786029241
0 0.194565 0.518120 0.079291 0.117680 28.2900 0.3282664191227663
