1 0.276824 0.476067 0.014533 0.103760 33.6300 0.39022975168252494
1 0.357826 0.478213 0.012882 0.077867 43.4400 0.5040612671153399
1 0.270306 0.456627 0.006570 0.084187 43.7700 0.5078904618240891
0 0.817311 0.546667 0.087198 0.128533 23.9600 0.2780227430958459
0 0.881453 0.550013 0.097415 0.123067 23.8600 0.27686238106289157
0 0.934247 0.551720 0.100910 0.124613 24.4800 0.28405662566720813
1 0.290455 0.456587 0.008366 0.089493 42.9100 0.49791134834068224
1 0.261333 0.536360 0.021393 0.197200 16.2800 0.18890693896495706
1 0.323599 0.537240 0.029308 0.224187 16.2000 0.18797864933859362
2 0.455894 0.509333 0.020757 0.158880 22.4800 0.2608493850081225
0 0.498949 0.495453 0.029058 0.075227 37.6900 0.43734045022046875
1 0.239143 0.472813 0.013857 0.116240 31.1000 0.3608725922487816
1 0.181816 0.467213 0.008317 0.117040 30.9200 0.3587839405894639
1 0.756554 0.505760 0.008438 0.097920 35.2400 0.4089115804130889
