0 0.933410 0.561693 0.102585 0.136987 24.5000 0.28428869807379903
0 0.881461 0.555240 0.100878 0.130053 23.7500 0.2755859828266419
0 0.813748 0.555053 0.093374 0.140133 24.2300 0.28115572058482247
0 0.498897 0.500373 0.027520 0.080853 36.8400 0.42747737294035737
1 0.924803 0.669400 0.066288 0.519760 6.9500 0.08064516129032258
1 0.932190 0.669240 0.044493 0.443227 7.3700 0.08551868182873056
1 0.591171 0.603133 0.053406 0.378533 9.6100 0.11151079136690646
1 0.220137 0.516680 0.017713 0.200720 18.4400 0.21397075887676956
1 0.269134 0.513093 0.023889 0.194293 18.9600 0.2200046414481318
1 0.279473 0.525613 0.015032 0.202960 18.2500 0.2117660710141564
1 0.306260 0.550387 0.030330 0.259600 14.4100 0.167208168948712
1 0.347440 0.544667 0.031675 0.228960 15.2700 0.17718728243211881
1 0.207733 0.531773 0.028446 0.236293 15.3500 0.17811557205848222
1 0.243639 0.534613 0.027649 0.229280 15.7900 0.18322116500348107
1 0.269867 0.541533 0.023889 0.205040 16.2800 0.18890693896495706
1 0.241651 0.526760 0.035233 0.206373 17.4800 0.20283128336040843
