0 0.622665 0.607053 0.116071 0.269573 13.0600 0.15154328150382917
0 0.135878 0.599640 0.175137 0.206427 15.1000 0.17521466697609653
0 0.839795 0.748800 0.318800 0.497067 5.3800 0.062427477372940354
0 0.581876 0.551333 0.065684 0.174720 19.2500 0.22336969134369922
0 0.356767 0.574933 0.072971 0.163467 19.7000 0.2285913204919935
0 0.386848 0.540053 0.053341 0.144853 25.0300 0.29043861684845673
0 0.550330 0.526093 0.043237 0.115707 27.7800 0.32234857275469947
0 0.967150 0.783973 0.064090 0.426720 1.0600 0.012299837549315386
0 0.412464 0.529067 0.039984 0.113707 30.7500 0.3568113251334416
0 0.440604 0.496667 0.019243 0.041013 65.7400 0.7628220004641447
