0 0.504891 0.567867 0.064098 0.200587 16.9500 0.19668136458575072
0 0.632524 0.545120 0.120008 0.181707 17.8000 0.20654444186586213
0 0.571985 0.500907 0.063599 0.088907 35.3500 0.4101879786493386
0 0.549928 0.497800 0.042593 0.065840 46.4200 0.5386400556973776
0 0.099706 0.585120 0.167415 0.227733 16.4700 0.19111162682757019
0 0.215294 0.558613 0.092440 0.152160 22.9000 0.2657229055465305
0 0.283800 0.548160 0.060145 0.096747 29.7700 0.34543977721048963
0 0.363370 0.513333 0.036820 0.064587 46.1500 0.5355070782084009
0 0.379565 0.501173 0.026586 0.069653 52.5400 0.6096542121141796
0 0.404980 0.490800 0.026079 0.049973 62.8400 0.7291715015084707
0 0.436904 0.491440 0.025258 0.037760 75.2900 0.8736365746112787
0 0.944187 0.537013 0.110016 0.105547 26.0000 0.30169412856811323
0 0.143849 0.542707 0.071948 0.121520 24.9100 0.28904618240891156
