0 0.826655 0.733707 0.345081 0.527253 5.8300 0.06764910652123463
0 0.120193 0.766693 0.240386 0.461280 6.5000 0.07542353214202831
0 0.264336 0.624733 0.150620 0.335280 11.8700 0.13773497331167323
0 0.618808 0.580373 0.101948 0.240747 14.3400 0.16639591552564398
0 0.346135 0.572653 0.085572 0.211760 17.4200 0.2021350661406359
0 0.582142 0.537533 0.072126 0.155387 20.5900 0.23891854258528658
0 0.514440 0.489960 0.022279 0.058800 49.6600 0.5762357855650962
0 0.425366 0.497573 0.023325 0.052053 52.1700 0.6053608725922488
0 0.500845 0.484067 0.026699 0.059813 56.6400 0.6572290554653051
0 0.478776 0.485773 0.020419 0.043227 68.8600 0.7990252958923183
