0 0.134022 0.781213 0.268043 0.432240 4.9500 0.05743792063123694
0 0.848418 0.760413 0.301554 0.473840 3.5900 0.04165699698305871
0 0.682327 0.721933 0.197311 0.396933 9.6200 0.11162682757020188
0 0.280419 0.722080 0.181256 0.353547 10.6000 0.12299837549315384
0 0.350966 0.637187 0.081836 0.210107 16.1000 0.18681828730563937
0 0.387568 0.604733 0.063591 0.152987 20.7600 0.2408911580413089
0 0.610113 0.615160 0.096135 0.216667 15.8900 0.18438152703643537
0 0.580189 0.579173 0.059058 0.151947 21.1400 0.24530053376653516
0 0.758474 0.517667 0.097029 0.144987 28.4200 0.32977488976560687
0 0.531763 0.541560 0.031369 0.073627 42.7400 0.49593873288466
0 0.494010 0.535240 0.025346 0.050267 57.3400 0.6653515896959852
0 0.468965 0.528173 0.030362 0.044240 72.4400 0.8405662566720816
2 0.429787 0.528747 0.011329 0.050080 64.9100 0.7531909955906242
