0 0.495664 0.528187 0.034195 0.107093 30.1600 0.34996518913901137
0 0.047520 0.639760 0.095040 0.240640 12.4600 0.1445811093061035
0 0.142999 0.587813 0.140105 0.195147 18.0000 0.2088651659317707
0 0.680857 0.578840 0.135048 0.241520 13.9400 0.16175446739382685
0 0.652963 0.558053 0.122770 0.186987 17.4200 0.2021350661406359
0 0.607774 0.549320 0.101731 0.146000 20.9000 0.24251566488744486
0 0.589553 0.534400 0.086578 0.137707 24.3000 0.2819679740078904
0 0.583732 0.522987 0.079960 0.110507 27.9300 0.32408911580413086
0 0.571059 0.516333 0.071602 0.106000 31.5400 0.36597818519378045
0 0.438587 0.500027 0.015290 0.038347 71.9700 0.8351125551171965
0 0.537001 0.496320 0.040459 0.050240 56.0500 0.6503829194708748
0 0.409807 0.497680 0.018293 0.043573 76.6800 0.8897656068693433
