0 0.494501 0.540320 0.045491 0.121600 23.5900 0.27372940357391506
0 0.053060 0.660160 0.106119 0.674347 5.0900 0.059062427477372934
0 0.260213 0.621453 0.158752 0.268293 12.5600 0.1457414713390578
0 0.321928 0.565387 0.134114 0.252747 15.5200 0.1800881875145045
0 0.371107 0.550520 0.100314 0.133733 22.4900 0.2609654212114179
0 0.379891 0.534853 0.088688 0.120000 25.8000 0.2993734045022047
0 0.402154 0.519520 0.062665 0.084853 33.5800 0.3896495706660478
0 0.418200 0.505493 0.054710 0.076053 39.4700 0.45799489440705493
0 0.540954 0.508000 0.025596 0.066667 43.0000 0.4989556741703411
0 0.488241 0.508987 0.028945 0.084853 36.6000 0.4246925040612671
0 0.081006 0.632920 0.162013 0.269840 11.9700 0.13889533534462753
0 0.107689 0.550187 0.126167 0.144267 22.0400 0.25574379206312364
0 0.193780 0.520760 0.071973 0.120080 29.0100 0.3366210257600371
