0 0.494879 0.525600 0.037778 0.118347 27.4700 0.31875145045254116
0 0.960527 0.733560 0.077335 0.527547 4.3300 0.0502436760269204
0 0.823527 0.706013 0.241127 0.458213 7.9600 0.09236481782316082
0 0.375382 0.527933 0.038768 0.078000 36.6400 0.4251566488744488
0 0.028490 0.767333 0.056981 0.413493 5.6700 0.06579252726850777
0 0.629348 0.539813 0.117488 0.170187 18.7600 0.21768391738222326
0 0.583007 0.522787 0.085950 0.115227 25.4300 0.29508006498027384
0 0.348969 0.509227 0.036232 0.074240 45.9300 0.5329542817359015
0 0.367085 0.497947 0.028889 0.062560 52.5900 0.6102343931306567
0 0.408140 0.493533 0.019517 0.038640 75.4900 0.8759572986771872
0 0.325238 0.501440 0.022794 0.054507 53.6800 0.6228823392898584
0 0.152645 0.511760 0.030717 0.061547 48.6900 0.5649802738454397
