0 0.505934 0.553520 0.050837 0.137387 21.1300 0.2451844975632397
0 0.124191 0.750867 0.248382 0.492933 6.1600 0.07147830122998375
0 0.322428 0.599613 0.136562 0.247227 13.5400 0.1571130192620097
0 0.342005 0.564800 0.111932 0.184533 17.4000 0.201902993734045
0 0.408096 0.518973 0.081329 0.107067 26.7800 0.31074495242515665
0 0.799738 0.740720 0.258124 0.438133 8.4000 0.09747041076815967
0 0.653692 0.572000 0.109283 0.237227 15.8200 0.18356927361336736
1 0.591461 0.559800 0.026031 0.181413 16.8700 0.19575307495938732
0 0.605717 0.545227 0.060564 0.132213 22.6000 0.26224181944766767
0 0.583378 0.529053 0.045515 0.102267 27.8800 0.3235089347876537
0 0.573265 0.514040 0.041683 0.107173 33.1700 0.38489208633093525
0 0.177182 0.574520 0.149420 0.187173 15.6100 0.18113251334416336
0 0.503128 0.504520 0.029944 0.090427 34.4100 0.39928057553956825
0 0.060274 0.533640 0.120548 0.170853 18.7800 0.2179159897888141
0 0.259545 0.539493 0.090974 0.143093 20.4400 0.2371779995358552
