1 0.640411 0.670200 0.049646 0.425680 8.4700 0.09828266419122766
1 0.294211 0.657267 0.045089 0.377627 9.6400 0.11185889997679276
1 0.219758 0.655320 0.035427 0.358907 9.8800 0.11464376885588304
1 0.818510 0.634640 0.052335 0.408107 8.3300 0.09665815734509166
1 0.767343 0.628427 0.050451 0.400267 8.7400 0.10141564168020421
1 0.533172 0.562093 0.027375 0.206427 18.1400 0.2104896727779067
1 0.638116 0.655587 0.049533 0.362107 9.3900 0.10895799489440705
1 0.594042 0.634267 0.033011 0.310187 11.0400 0.1281039684381527
1 0.576365 0.624027 0.023889 0.276427 12.4200 0.14411696449292177
1 0.642114 0.589480 0.046385 0.268560 13.3400 0.15479229519610116
1 0.651200 0.553293 0.037101 0.218693 16.5800 0.19238802506381988
0 0.459561 0.540533 0.040958 0.105920 31.1000 0.3608725922487816
