0 0.707110 0.649733 0.165491 0.322027 10.8500 0.12589928057553956
0 0.476337 0.502813 0.062721 0.074693 38.6400 0.44836388953353445
1 0.386530 0.519053 0.011272 0.128453 26.2100 0.3041308888373172
2 0.727077 0.533307 0.062254 0.158400 20.1500 0.23381294964028773
0 0.642975 0.481347 0.060121 0.073627 43.5400 0.5052216291482943
0 0.793096 0.471653 0.076256 0.070347 42.0800 0.4882803434671617
0 0.351683 0.511427 0.051675 0.073467 40.8900 0.47447203527500575
0 0.215511 0.520547 0.049605 0.070533 42.9300 0.4981434207472731
0 0.479750 0.486253 0.018325 0.041467 69.9000 0.811093061035043
0 0.451059 0.489000 0.021409 0.042427 70.3600 0.8164307263866326
