1 0.672218 0.534680 0.026836 0.220187 14.8400 0.1721977256904154
2 0.370636 0.579053 0.033784 0.226533 15.4400 0.17915989788814107
2 0.398611 0.535720 0.020636 0.160507 22.5500 0.2616616384311905
0 0.592975 0.574040 0.078221 0.205627 16.4500 0.1908795544209793
0 0.560862 0.537480 0.058696 0.172027 21.5400 0.24994198189835226
0 0.545733 0.519533 0.045620 0.142960 27.0300 0.3136458575075423
1 0.500290 0.483880 0.009130 0.077200 47.8400 0.5551171965653284
1 0.501981 0.485973 0.010193 0.075093 48.3400 0.5609190067300998
0 0.440644 0.484667 0.018792 0.063680 58.6000 0.679972151311209
0 0.402484 0.516053 0.032665 0.085227 35.9800 0.4174982594569505
0 0.320656 0.582720 0.085322 0.184373 18.2600 0.21188210721745185
