0 0.073651 0.706440 0.147303 0.467973 7.5500 0.08760733348804826
0 0.115113 0.607693 0.230225 0.438800 10.1500 0.11777674634485959
2 0.379179 0.572373 0.027987 0.185867 17.4000 0.201902993734045
0 0.930950 0.750267 0.136490 0.494133 6.2600 0.07263866326293802
0 0.860644 0.690400 0.277101 0.399733 8.7600 0.10164771408679507
0 0.774332 0.633333 0.250998 0.270027 11.6600 0.13529821304246925
0 0.731216 0.582333 0.187649 0.264187 14.0600 0.163146901833372
0 0.290499 0.560280 0.136119 0.145467 21.2900 0.24704107681596654
0 0.319553 0.548027 0.111441 0.127413 23.9200 0.2775585982826642
0 0.530660 0.537360 0.045024 0.109707 27.1700 0.31527036435367833
0 0.509348 0.507347 0.024525 0.068613 42.2500 0.490252958923184
