0 0.495439 0.526853 0.036159 0.113280 28.6200 0.3320956138315154
0 0.861510 0.737773 0.275370 0.519120 6.4100 0.07437920631236945
0 0.744839 0.634093 0.205250 0.394373 9.8300 0.11406358783940589
0 0.688333 0.593880 0.140853 0.245253 13.5500 0.15722905546530516
0 0.646494 0.560520 0.128688 0.180027 17.1600 0.19911812485495473
0 0.418056 0.501120 0.021892 0.047467 58.2700 0.6761429566024599
0 0.341320 0.551600 0.056393 0.116160 25.3400 0.294035739150615
0 0.585016 0.519507 0.082496 0.111120 27.8500 0.3231608261777675
0 0.560262 0.507760 0.064211 0.082933 34.5900 0.40136922719888607
0 0.372983 0.501240 0.028349 0.061413 55.0500 0.638779299141332
0 0.386441 0.495173 0.023349 0.053227 61.4400 0.7129264330471106
0 0.350552 0.498160 0.018269 0.046187 63.1000 0.7321884427941517
