0 0.486264 0.506360 0.019936 0.062800 49.6800 0.5764678579716871
0 0.330527 0.659133 0.132391 0.303440 11.3800 0.13204919935019727
0 0.825970 0.735493 0.346449 0.523680 4.9200 0.057089812021350654
0 0.677138 0.676253 0.155805 0.436613 8.8800 0.10304014852634022
0 0.576349 0.568867 0.071329 0.175387 18.5800 0.21559526572290552
0 0.533152 0.521467 0.031731 0.090720 33.9000 0.39336272917150145
0 0.556840 0.542547 0.050829 0.140240 23.7000 0.27500580181016476
0 0.304348 0.542133 0.066860 0.080587 38.4300 0.4459271292643304
0 0.218716 0.545987 0.075258 0.084080 38.4200 0.445811093061035
0 0.518064 0.504653 0.020845 0.057680 52.3500 0.6074495242515665
1 0.712701 0.574627 0.035161 0.333040 10.8700 0.1261313529821304
