0 0.218414 0.702480 0.194300 0.385493 10.4100 0.12079368763054073
0 0.836023 0.450787 0.181852 0.211120 18.6600 0.21652355534926895
0 0.925068 0.436013 0.091264 0.134373 27.7300 0.3217683917382223
0 0.373752 0.567867 0.064396 0.138080 22.4700 0.26073334880482707
0 0.326598 0.594267 0.105322 0.211787 16.6800 0.1935483870967742
0 0.585676 0.510560 0.049807 0.112053 28.2200 0.32745416569969826
0 0.401196 0.542840 0.045886 0.112613 28.6400 0.33232768623810627
0 0.421940 0.533293 0.031498 0.083973 35.1200 0.40751914597354366
0 0.518732 0.514253 0.030894 0.081360 39.5400 0.45880714783012294
0 0.595737 0.507333 0.081039 0.093760 32.2700 0.3744488280343467
0 0.552975 0.498800 0.037705 0.067040 47.9600 0.5565096310048735
0 0.523780 0.472840 0.034968 0.042640 76.9500 0.8928985843583198
0 0.420588 0.477093 0.036345 0.036000 76.7000 0.8899976792759341
