1 0.829855 0.650573 0.074879 0.617733 6.0100 0.06973775818055232
1 0.519291 0.625067 0.043478 0.386880 9.4100 0.10919006730099791
1 0.273434 0.683680 0.065757 0.548853 6.8000 0.07890461824089115
1 0.786369 0.653560 0.086683 0.682213 5.5800 0.06474820143884892
2 0.354203 0.680987 0.074203 0.457227 8.0000 0.09282896263634254
1 0.404758 0.519360 0.012351 0.148427 23.3800 0.27129264330471103
1 0.390604 0.527040 0.013156 0.139467 23.5400 0.2731492225574379
1 0.457029 0.527467 0.015298 0.161920 21.4300 0.24866558366210256
1 0.478478 0.528040 0.009259 0.155120 21.3000 0.247157113019262
1 0.423430 0.525360 0.016908 0.153013 23.1900 0.2690879554420979
