0 0.848333 0.741853 0.301723 0.510960 4.0900 0.047458807147830115
0 0.601498 0.613933 0.116441 0.250640 13.0800 0.15177535391042005
2 0.333579 0.585227 0.033567 0.225493 15.9600 0.18519378045950335
0 0.279666 0.620533 0.092488 0.197760 15.8700 0.1841494546298445
0 0.533011 0.551147 0.072802 0.180587 20.1200 0.23346484103040147
0 0.474360 0.533707 0.040298 0.096267 32.0800 0.3722441401717335
0 0.346711 0.543880 0.030813 0.079067 37.1100 0.43061035042933393
0 0.450238 0.527013 0.027303 0.071787 42.0100 0.4874680900440937
1 0.331204 0.512160 0.008527 0.076160 46.0700 0.5345787885820376
1 0.325415 0.516720 0.009074 0.076320 45.9200 0.5328382455326062
2 0.365749 0.576467 0.029984 0.191280 18.1200 0.21025760037131586
