0 0.154227 0.744440 0.308454 0.479120 5.5300 0.06416802042237178
1 0.568128 0.550173 0.053406 0.297360 12.1300 0.14075191459735437
2 0.899018 0.445360 0.049291 0.133120 24.8900 0.2888141100023207
1 0.353965 0.574813 0.063824 0.310907 10.9900 0.12752378742167556
1 0.354300 0.577600 0.048309 0.347360 10.1400 0.11766071014156416
2 0.776111 0.477693 0.026248 0.164347 20.7100 0.24031097702483173
1 0.097903 0.583973 0.026031 0.230880 14.4000 0.16709213274541657
1 0.087170 0.598107 0.028720 0.225173 13.8900 0.16117428637734973
2 0.339300 0.574307 0.087472 0.278853 12.1300 0.14075191459735437
1 0.058450 0.585760 0.034356 0.291200 12.9300 0.1500348108609886
0 0.961997 0.465893 0.045411 0.116320 21.6500 0.25121838013460196
0 0.378736 0.481200 0.025717 0.062453 46.4500 0.5389881643072638
