1 0.737826 0.690187 0.072464 0.608960 5.5000 0.06381991181248549
1 0.057935 0.673760 0.115870 0.641813 3.5100 0.04072870735669528
1 0.480648 0.517120 0.026304 0.249920 15.1200 0.17544673938268737
1 0.700471 0.671840 0.041602 0.503307 6.8900 0.07994894407055
1 0.620133 0.623507 0.042407 0.418587 8.3100 0.09642608493850081
1 0.590821 0.592427 0.032480 0.351093 9.8800 0.11464376885588304
1 0.680531 0.555640 0.064863 0.335280 10.8100 0.12543513576235785
1 0.647448 0.600640 0.041337 0.344693 9.5200 0.11046646553724761
1 0.651163 0.516720 0.028446 0.262453 13.9100 0.16140635878394058
0 0.451039 0.484200 0.049903 0.126640 26.0600 0.30239034578788576
