0 0.438961 0.512080 0.016844 0.050560 58.3800 0.6774193548387096
0 0.218128 0.514080 0.043019 0.075627 46.0200 0.5339986075655605
0 0.248285 0.516173 0.036957 0.059547 52.3200 0.6071014156416802
0 0.814674 0.557747 0.070781 0.083973 41.0600 0.4764446507310281
0 0.277560 0.511867 0.029662 0.053760 57.6700 0.6691807844047343
0 0.450310 0.503507 0.015902 0.042800 66.4600 0.7711766071014156
0 0.474054 0.550133 0.042778 0.141173 24.5900 0.2853330239034578
0 0.174895 0.527880 0.053800 0.076507 39.6400 0.4599675098630773
2 0.704863 0.545000 0.019952 0.109733 29.8100 0.3459039220236713
0 0.877758 0.558800 0.058366 0.077653 41.6900 0.48375493153863997
