0 0.088261 0.673547 0.176522 0.425013 7.8400 0.09097238338361568
0 0.099126 0.603947 0.190266 0.335733 10.1400 0.11766071014156416
0 0.214151 0.593040 0.241296 0.256267 12.5400 0.14550939893246692
0 0.645833 0.650653 0.143390 0.308507 11.2100 0.13007658389417498
0 0.726252 0.570893 0.138929 0.181840 16.0900 0.18670225110234392
0 0.324573 0.533533 0.118535 0.139920 22.6900 0.2632861452773265
0 0.518861 0.496667 0.019928 0.049013 54.4900 0.632281271756788
0 0.417532 0.490667 0.053937 0.065920 48.1300 0.5584822464608958
0 0.577633 0.505587 0.060483 0.075760 39.9700 0.46379670457182637
0 0.616425 0.516053 0.074863 0.103520 30.3900 0.3526340218148062
