0 0.499867 0.550733 0.055918 0.150533 19.3600 0.22464608957994892
0 0.026715 0.566693 0.053430 0.248267 11.8700 0.13773497331167323
1 0.113869 0.668747 0.084807 0.657173 4.5200 0.05244836388953353
0 0.282061 0.574787 0.149630 0.271600 13.0700 0.15165931770712462
0 0.320330 0.562520 0.129630 0.186267 16.3000 0.18913901137154793
0 0.353019 0.550213 0.118631 0.154080 19.3500 0.22453005337665352
0 0.399686 0.519240 0.073156 0.115867 26.7100 0.30993269900208864
0 0.431006 0.486427 0.053382 0.070240 40.0200 0.46437688558830353
0 0.595926 0.546320 0.063333 0.134347 21.6700 0.25145045254119286
0 0.572363 0.519427 0.047480 0.120240 29.0800 0.33743327918310506
1 0.546498 0.508147 0.014493 0.102907 29.3400 0.34045022046878626
0 0.492190 0.509680 0.032271 0.097547 32.0500 0.37189603156184725
0 0.225439 0.491733 0.071280 0.096160 31.9300 0.37050359712230213
