0 0.489436 0.524320 0.041143 0.109120 26.1000 0.3028544906010675
0 0.076167 0.731467 0.152335 0.531733 7.1000 0.08238570433975399
0 0.245990 0.594840 0.133172 0.205840 14.9300 0.17324205152007424
0 0.393462 0.606467 0.088261 0.206853 14.4100 0.167208168948712
0 0.423015 0.562187 0.064340 0.158560 19.4700 0.2259224878161986
0 0.348607 0.523560 0.094010 0.129787 25.2600 0.29310744952425155
0 0.824525 0.763200 0.349340 0.468267 5.6000 0.06498027384543976
1 0.752029 0.605787 0.039452 0.351200 10.1800 0.11812485495474587
0 0.543257 0.517253 0.039155 0.102560 29.3400 0.34045022046878626
0 0.243362 0.514133 0.056224 0.083680 35.3600 0.41030401485263396
0 0.477617 0.508760 0.027440 0.082960 37.3700 0.433627291715015
0 0.072500 0.545560 0.116820 0.146533 20.9300 0.24286377349733115
