0 0.534098 0.698760 0.141787 0.443120 8.6700 0.10060338825713622
0 0.971063 0.737373 0.056264 0.519920 3.8800 0.045022046878626126
0 0.629291 0.531507 0.098824 0.152507 21.4500 0.2488976560686934
0 0.584581 0.512800 0.059549 0.096107 32.3400 0.3752610814574147
0 0.564787 0.504440 0.053631 0.072400 39.0600 0.45323741007194246
0 0.384239 0.529640 0.042069 0.088027 33.9600 0.39405894639127403
0 0.107798 0.619920 0.154324 0.199253 15.9000 0.1844975632397308
0 0.458184 0.494587 0.022746 0.050187 61.0400 0.7082849849152935
0 0.491550 0.484680 0.018060 0.042000 75.7300 0.8787421675562775
0 0.313293 0.534400 0.058712 0.094987 32.3900 0.3758412624738918
0 0.343341 0.516560 0.040451 0.096267 38.5400 0.4472035275005801
0 0.385958 0.507293 0.035137 0.064880 48.8100 0.5663727082849849
0 0.430302 0.498733 0.032214 0.046373 61.6900 0.7158273381294963
0 0.219819 0.531387 0.062552 0.097760 30.7900 0.3572754699466233
0 0.209952 0.517133 0.066457 0.072240 41.9500 0.48677187282432116
