0 0.536083 0.689547 0.146031 0.456373 8.4700 0.09828266419122766
0 0.926051 0.721947 0.146288 0.550773 4.7200 0.05476908795544209
0 0.622717 0.521453 0.095853 0.145360 22.3900 0.2598050591784637
0 0.580894 0.504840 0.057762 0.092827 33.3100 0.38651659317707127
0 0.563663 0.497080 0.052802 0.070587 39.7900 0.46170805291250866
0 0.467935 0.486440 0.019412 0.043707 66.2800 0.7690879554420978
0 0.128245 0.606680 0.141852 0.184827 16.8500 0.19552100255279647
0 0.317323 0.527307 0.056707 0.091733 33.1800 0.38500812253423067
0 0.346409 0.507253 0.039485 0.094080 39.3800 0.45695056857739613
0 0.386989 0.498360 0.034300 0.063440 49.9200 0.5792527268507774
0 0.429984 0.490973 0.031159 0.045787 62.5100 0.7253423067997214
0 0.225990 0.520640 0.061014 0.094453 31.6600 0.36737061963332557
0 0.216747 0.510440 0.064251 0.069840 43.0000 0.4989556741703411
