0 0.530008 0.666053 0.123237 0.385227 9.7000 0.11255511719656532
0 0.978184 0.739787 0.042021 0.515093 3.8300 0.04444186586214899
0 0.630290 0.534173 0.099501 0.153573 21.3100 0.24727314922255741
0 0.585274 0.516093 0.059646 0.096560 32.2700 0.3744488280343467
0 0.565463 0.506893 0.053760 0.072827 38.9300 0.45172893942910186
0 0.359642 0.544800 0.051876 0.105493 28.8200 0.334416337897424
0 0.105543 0.624507 0.156143 0.201333 15.8200 0.18356927361336736
0 0.449565 0.498453 0.023639 0.054080 56.8400 0.6595497795312137
0 0.484404 0.486373 0.019034 0.044533 71.5100 0.8297748897656069
0 0.312959 0.537520 0.059525 0.095733 32.2700 0.3744488280343467
0 0.342597 0.518800 0.040990 0.096480 38.4500 0.4461592016709213
0 0.385648 0.508867 0.035209 0.065040 48.7100 0.5652123462520307
0 0.430177 0.500680 0.032303 0.046640 61.5300 0.7139707588767695
0 0.218921 0.533120 0.062689 0.098187 30.7000 0.35623114411696444
0 0.209356 0.518107 0.066634 0.072480 41.8700 0.4858435831979577
