0 0.112363 0.768467 0.224726 0.422747 9.1200 0.10582501740543047
0 0.238048 0.650307 0.127673 0.243227 14.0000 0.16245068461359943
0 0.312387 0.597307 0.083696 0.160107 19.9700 0.23172429798097002
0 0.830560 0.485800 0.182939 0.216880 15.7000 0.1821768391738222
0 0.777568 0.474467 0.115604 0.192560 18.3000 0.21234625203063354
0 0.737391 0.474613 0.117279 0.166293 20.6100 0.23915061499187745
0 0.691099 0.484413 0.105918 0.136720 23.4300 0.2718728243211882
0 0.365358 0.558613 0.056981 0.112907 27.4100 0.3180552332327686
0 0.578148 0.539747 0.062271 0.144987 21.7000 0.2517985611510791
0 0.559533 0.523853 0.044074 0.121093 27.2500 0.31619865398004177
