0 0.495793 0.523907 0.035709 0.111867 28.9500 0.3359248085402645
0 0.873325 0.709547 0.251739 0.575573 5.7800 0.06706892550475749
0 0.747371 0.653640 0.209203 0.378693 9.5600 0.11093061035042934
0 0.682335 0.582400 0.159420 0.281493 13.0300 0.15119517289394288
0 0.650837 0.564973 0.115942 0.192560 16.7600 0.19447667672313762
0 0.623329 0.540907 0.110266 0.148373 20.3400 0.2360176375029009
0 0.426477 0.498760 0.018945 0.042000 65.6000 0.7611974936180087
0 0.373418 0.534747 0.041039 0.089600 32.1800 0.37340450220468785
0 0.577049 0.510400 0.074501 0.098773 31.0200 0.35994430262241817
0 0.555419 0.500733 0.059243 0.075547 37.6400 0.43676026920399164
0 0.380330 0.499040 0.026296 0.058027 58.1400 0.6746344859596194
0 0.358273 0.494827 0.017077 0.043947 66.2300 0.7685077744256208
