0 0.502452 0.543853 0.056111 0.175653 19.1000 0.2216291482942678
0 0.964283 0.740307 0.069823 0.514053 4.2300 0.04908331399396612
0 0.834022 0.651360 0.213084 0.488747 8.2000 0.09514968670225109
0 0.603124 0.518760 0.095443 0.141253 22.3400 0.2592248781619865
0 0.561896 0.485173 0.056626 0.078187 39.9400 0.46344859596194005
0 0.547637 0.480827 0.039074 0.059840 50.6900 0.5881875145045253
0 0.187069 0.545960 0.114122 0.172720 21.0000 0.24367602692039914
0 0.259952 0.531440 0.071320 0.124907 27.3800 0.3177071246228823
0 0.309388 0.524733 0.049597 0.081253 34.3000 0.39800417730331855
0 0.373293 0.492893 0.032915 0.058533 50.6300 0.5874912972847528
0 0.387355 0.483147 0.024179 0.063893 57.0900 0.6624506846135995
0 0.410350 0.479800 0.023969 0.046587 67.3100 0.781039684381527
0 0.191957 0.530320 0.057665 0.103573 28.9300 0.3356927361336737
