1 0.534014 0.464293 0.019332 0.151360 22.3300 0.25910884195869105
1 0.223386 0.533587 0.034597 0.322640 11.6300 0.13495010443258296
1 0.742971 0.673760 0.071417 0.620480 5.8700 0.06811325133441633
1 0.674843 0.686000 0.076916 0.596000 5.9900 0.06950568577396148
1 0.915056 0.679267 0.139291 0.609467 5.1000 0.05917846368066836
1 0.945906 0.690093 0.077593 0.587813 5.1700 0.05999071710373636
1 0.666518 0.509627 0.029106 0.202080 18.0100 0.20898120213506613
1 0.456703 0.687160 0.055644 0.581840 6.3700 0.07391506149918774
1 0.485519 0.653200 0.040314 0.456000 7.2100 0.0836621025760037
1 0.526779 0.630453 0.046795 0.503467 7.4500 0.08644697145509399
1 0.567903 0.651547 0.040684 0.402240 7.7900 0.09039220236713855
1 0.598229 0.606320 0.048841 0.440427 8.0900 0.09387328846600139
1 0.654356 0.630547 0.051449 0.421627 7.8100 0.09062427477372939
1 0.433667 0.523573 0.028977 0.289600 12.1100 0.1405198421907635
1 0.489022 0.528147 0.041312 0.270160 12.1800 0.1413320956138315
1 0.519936 0.513507 0.044654 0.291653 12.3300 0.14307263866326292
1 0.568357 0.515533 0.045604 0.276347 12.4900 0.14492921791598978
