0 0.513313 0.588800 0.081570 0.255200 13.7100 0.15908563471803203
0 0.703035 0.592760 0.170483 0.289733 11.9200 0.13831515432815036
0 0.590105 0.500440 0.074251 0.107813 29.5200 0.3425388721281039
0 0.562810 0.493547 0.048277 0.075413 40.5800 0.47087491297284745
0 0.550624 0.485600 0.045258 0.059253 46.9400 0.5446739382687398
0 0.025564 0.615467 0.051127 0.277440 10.6500 0.123578556509631
0 0.123587 0.578947 0.144646 0.209253 17.1900 0.19946623346484102
0 0.236691 0.553213 0.082657 0.121253 23.9200 0.2775585982826642
0 0.346916 0.506520 0.043333 0.074427 40.2900 0.46750986307728004
0 0.367335 0.493573 0.031610 0.079253 46.3900 0.5382919470874913
0 0.398917 0.487560 0.029026 0.055067 57.2500 0.6643072638663262
0 0.434304 0.481680 0.027576 0.041067 69.5300 0.8067997215131121
0 0.274038 0.503440 0.046337 0.076373 38.8500 0.45080064980273843
0 0.043547 0.564933 0.087093 0.165067 18.6400 0.2162914829426781
