1 0.683196 0.688160 0.049114 0.517067 7.0500 0.08180552332327685
1 0.235403 0.698560 0.076490 0.536907 6.9300 0.08041308888373172
1 0.120153 0.684373 0.054750 0.494347 7.2900 0.08459039220236714
1 0.954601 0.700160 0.082746 0.589013 5.2400 0.06080297052680436
1 0.922371 0.688347 0.079171 0.612640 5.4600 0.06335576699930377
1 0.513800 0.535653 0.023349 0.222773 16.8800 0.19586911116268274
1 0.659436 0.657480 0.059018 0.416293 8.2300 0.09549779531213738
1 0.610217 0.622227 0.031401 0.351867 9.7800 0.11348340682292873
1 0.588325 0.598720 0.028712 0.304480 11.3000 0.13112090972383383
1 0.649018 0.569480 0.052641 0.292880 12.2900 0.1426084938500812
1 0.612572 0.608507 0.031667 0.297067 10.9800 0.12740775121838013
1 0.659919 0.533933 0.040741 0.237573 15.3000 0.1775353910420051
0 0.457464 0.506013 0.044444 0.113787 28.7400 0.33348804827106054
