0 0.067846 0.710973 0.135692 0.435707 7.8600 0.09120445579020654
0 0.127524 0.672653 0.255048 0.328027 10.1300 0.11754467393826874
0 0.171063 0.613480 0.239565 0.260187 12.6500 0.14678579716871662
0 0.258225 0.585000 0.153454 0.201040 17.1800 0.19935019726154557
0 0.284030 0.560520 0.147448 0.217573 19.7400 0.22905546530517518
2 0.432041 0.548067 0.013245 0.102800 31.0100 0.35982826641912274
0 0.876550 0.803653 0.245290 0.387360 2.7800 0.032258064516129024
0 0.888039 0.697680 0.222311 0.451680 7.9500 0.0922487816198654
0 0.842544 0.663013 0.248132 0.318987 10.4100 0.12079368763054073
0 0.755974 0.628853 0.177198 0.236107 13.2400 0.15363193316314688
0 0.716864 0.596293 0.127351 0.198720 15.8300 0.18368530981666278
0 0.681872 0.590013 0.144372 0.180507 18.3300 0.2126943606405198
0 0.651546 0.575827 0.129758 0.142480 21.2700 0.2468090044093757
0 0.638265 0.554880 0.105660 0.153227 23.5800 0.2736133673706196
0 0.360290 0.551653 0.090193 0.099733 30.8700 0.3582037595729868
0 0.377532 0.547600 0.076659 0.090507 33.6400 0.39034578788582036
0 0.526590 0.541293 0.032246 0.081573 36.7400 0.4263170109074031
0 0.511965 0.519653 0.019694 0.056267 51.7900 0.6009514968670224
