0 0.498788 0.529400 0.048478 0.130640 22.0600 0.25597586446971454
0 0.093583 0.754267 0.187166 0.486133 7.3300 0.08505453701554884
0 0.191884 0.661733 0.189066 0.314560 10.2600 0.1190531445811093
0 0.298571 0.555427 0.101828 0.174747 18.1100 0.2101415641680204
0 0.400910 0.584493 0.087407 0.178053 15.8100 0.18345323741007194
0 0.370093 0.519080 0.068575 0.100187 28.0000 0.32490136922719887
1 0.693994 0.645987 0.033285 0.354693 8.6900 0.10083546066372708
0 0.652448 0.621987 0.141176 0.298907 11.4800 0.13320956138315154
0 0.600825 0.572973 0.088382 0.181200 16.2700 0.1887909027616616
0 0.571816 0.523067 0.054936 0.147093 22.2800 0.25852866094221394
0 0.531671 0.501600 0.027544 0.069707 40.3300 0.4679740078904618
0 0.493168 0.504493 0.030845 0.093200 33.4600 0.38825713622650265
0 0.205568 0.516960 0.064742 0.092107 30.5200 0.35414249245764673
