0 0.823655 0.695853 0.351079 0.602960 5.5100 0.06393594801578091
0 0.661755 0.607947 0.158325 0.411840 10.8200 0.12555117196565327
0 0.604698 0.562773 0.079074 0.215573 16.4000 0.19029937340450218
1 0.554646 0.499893 0.016103 0.122347 30.3600 0.3522859132049199
1 0.557979 0.504333 0.013688 0.118000 30.9600 0.35924808540264563
0 0.435644 0.505480 0.027021 0.088240 42.8200 0.4968670225110234
1 0.502750 0.493440 0.007786 0.072373 47.9500 0.5563935948015781
0 0.346228 0.575293 0.073132 0.161947 20.1000 0.23323276862381062
0 0.120145 0.758160 0.240290 0.478347 7.5700 0.08783940589463912
0 0.254263 0.638053 0.142987 0.293280 12.9400 0.15015084706428403
1 0.372907 0.523333 0.008583 0.086240 34.7800 0.40357391506149914
