1 0.539771 0.465400 0.016014 0.152880 22.0800 0.2562079368763054
1 0.239533 0.531693 0.031272 0.323387 11.6100 0.13471803202599208
1 0.891167 0.736627 0.170242 0.494747 3.5100 0.04072870735669528
1 0.920044 0.724920 0.129316 0.518160 3.7600 0.043629612439080985
1 0.480721 0.480467 0.019010 0.166693 19.0300 0.22081689487119982
1 0.548039 0.560747 0.037303 0.367627 10.0600 0.11673242051520073
1 0.539956 0.526213 0.048527 0.319627 11.2200 0.1301926200974704
1 0.497061 0.562133 0.036618 0.363147 10.0200 0.11626827570201902
1 0.490572 0.559067 0.037649 0.375467 9.5900 0.1112787189603156
1 0.435845 0.473147 0.025089 0.190613 18.1100 0.2101415641680204
1 0.454018 0.468667 0.021159 0.200053 18.3000 0.21234625203063354
1 0.426735 0.470493 0.020008 0.179600 19.5800 0.2271988860524483
1 0.403180 0.478787 0.020242 0.190320 18.4800 0.21443490368995125
1 0.336019 0.475627 0.020636 0.189920 18.4300 0.2138547226734741
1 0.361397 0.480213 0.017432 0.166827 18.8300 0.2184961708052912
1 0.385113 0.468520 0.018583 0.188400 19.0200 0.22070085866790437
