0 0.485036 0.534867 0.045676 0.122960 23.3100 0.270480389881643
0 0.142645 0.753400 0.247158 0.487867 7.5700 0.08783940589463912
0 0.225503 0.641640 0.193035 0.320133 10.8800 0.12624738918542586
0 0.329984 0.561587 0.107697 0.160240 18.6900 0.21687166395915525
0 0.375527 0.534680 0.086433 0.125893 24.5700 0.285100951496867
0 0.424565 0.502080 0.059114 0.081760 40.6300 0.47145509398932467
0 0.720318 0.677547 0.188800 0.352587 10.5000 0.12183801346019957
0 0.564964 0.537400 0.045515 0.105627 28.0500 0.32548155024367603
0 0.273382 0.535293 0.066763 0.112293 24.7000 0.2866094221397076
0 0.491083 0.512680 0.029879 0.090267 34.4800 0.40009282896263626
0 0.051019 0.551627 0.102037 0.138933 19.4400 0.22557437920631238
0 0.197029 0.518573 0.070902 0.092560 29.4700 0.3419586911116268
