1 0.807874 0.693933 0.180902 0.601467 4.4200 0.051288001856579245
1 0.351944 0.562507 0.034018 0.283360 13.3800 0.1552564400092829
1 0.751063 0.715147 0.061449 0.559040 5.9100 0.06857739614759804
1 0.623462 0.679507 0.048003 0.499813 7.1000 0.08238570433975399
1 0.475543 0.639627 0.054050 0.405333 8.7100 0.10106753307031795
1 0.655399 0.612667 0.079734 0.393653 9.3700 0.10872592248781618
1 0.551047 0.586653 0.038341 0.321040 11.3900 0.1321652355534927
1 0.631944 0.676467 0.057738 0.428773 7.8400 0.09097238338361568
1 0.588812 0.568333 0.037190 0.298587 12.3500 0.1433047110698538
1 0.614086 0.613213 0.067818 0.367440 9.5100 0.11035042933395219
0 0.427033 0.541360 0.066578 0.167467 20.1800 0.23416105825017403
