0 0.512472 0.578907 0.057971 0.182933 18.5500 0.21524715711301926
0 0.674444 0.576453 0.133977 0.224000 15.2800 0.17730331863541424
0 0.600278 0.541387 0.072713 0.122187 26.1200 0.30308656300765835
0 0.572371 0.529773 0.063357 0.088453 32.8000 0.38059874680900435
0 0.297955 0.588693 0.086940 0.164693 20.6700 0.23984683221165004
0 0.411787 0.533453 0.035781 0.085787 38.4800 0.44650731028080753
0 0.453603 0.515720 0.025081 0.059707 54.7800 0.6356463216523555
0 0.262617 0.574240 0.080354 0.124747 26.1200 0.30308656300765835
0 0.306594 0.544080 0.052609 0.116747 32.2900 0.37468090044093755
0 0.361510 0.530467 0.039992 0.075973 42.7400 0.49593873288466
0 0.416027 0.520587 0.035966 0.053173 55.3800 0.6426084938500812
0 0.142528 0.564280 0.086731 0.126640 24.5500 0.28486887909027614
0 0.143869 0.540347 0.085773 0.089280 35.0700 0.40693896495706655
