0 0.159968 0.777693 0.319936 0.439280 5.2300 0.06068693432350893
0 0.321188 0.693160 0.169622 0.361733 10.1600 0.11789278254815502
0 0.710978 0.672280 0.155628 0.406053 9.4800 0.1100023207240659
0 0.408631 0.556960 0.063510 0.179307 20.0000 0.23207240659085632
0 0.424940 0.545400 0.064211 0.126053 24.9700 0.2897423996286841
0 0.537158 0.469120 0.053494 0.059253 54.0700 0.6274077512183801
0 0.685741 0.596187 0.098132 0.244747 13.7300 0.15931770712462287
0 0.727347 0.539507 0.095564 0.194747 17.5700 0.20387560919006728
0 0.653446 0.497853 0.101014 0.125200 29.1100 0.3377813877929914
0 0.924291 0.506840 0.106425 0.147120 21.9100 0.2542353214202831
0 0.841469 0.482360 0.084308 0.093200 31.1700 0.3616848456718496
