0 0.955640 0.764787 0.087110 0.465093 0.6300 0.007310280807611974
0 0.785664 0.735360 0.298559 0.523947 6.8100 0.07902065444418657
0 0.132556 0.766333 0.265113 0.462000 7.4400 0.08633093525179857
0 0.282295 0.635773 0.134187 0.306480 12.8200 0.1487584126247389
0 0.608680 0.588187 0.093027 0.223520 15.3000 0.1775353910420051
0 0.354026 0.583427 0.079372 0.199813 18.3900 0.2133905778602924
0 0.577778 0.546973 0.068164 0.147440 21.6000 0.25063819911812485
0 0.514485 0.508333 0.021965 0.057680 50.6400 0.5876073334880483
0 0.427122 0.517960 0.022987 0.051600 53.1800 0.6170805291250869
0 0.500572 0.502800 0.026232 0.058933 57.6100 0.6684845671849616
0 0.479086 0.504547 0.020153 0.042693 69.8400 0.8103968438152703
