1 0.742488 0.537400 0.037568 0.306267 10.7300 0.12450684613599443
2 0.255717 0.702547 0.085507 0.450693 8.1800 0.09491761429566023
2 0.350411 0.575333 0.036345 0.245493 15.0400 0.17451844975632394
0 0.637919 0.609880 0.124211 0.305040 11.6200 0.1348340682292875
0 0.582017 0.547440 0.078124 0.227307 16.7600 0.19447667672313762
0 0.559279 0.522693 0.058060 0.177067 22.2500 0.2581805523323277
0 0.545741 0.513547 0.040161 0.121600 27.6500 0.32084010211185887
1 0.507955 0.477480 0.007246 0.086907 42.5400 0.4936180088187514
1 0.512846 0.478493 0.008317 0.084133 43.1900 0.5011603620329542
0 0.437226 0.481147 0.020749 0.069600 53.7900 0.6241587375261081
1 0.473945 0.476827 0.005636 0.059520 58.2200 0.6755627755859828
0 0.388205 0.518893 0.039388 0.099067 31.2100 0.3621489904850313
0 0.122858 0.764000 0.245717 0.466667 8.4300 0.09781851937804593
0 0.257267 0.630547 0.133857 0.263440 13.4500 0.15606869343235089
0 0.356634 0.538667 0.060821 0.144373 24.1100 0.2797632861452773
