0 0.178861 0.738560 0.241828 0.456693 9.1200 0.10582501740543047
0 0.867677 0.449000 0.200298 0.229147 17.2700 0.20039452309120442
0 0.951252 0.428013 0.095886 0.142160 26.2900 0.30505917846368064
0 0.370463 0.564893 0.069235 0.146107 21.1600 0.245532606173126
0 0.316099 0.603467 0.117673 0.232213 15.3900 0.17857971687166396
0 0.594416 0.510493 0.053374 0.118213 26.8700 0.3117892782548155
0 0.401292 0.539013 0.048398 0.117280 27.3900 0.31782316082617773
0 0.423764 0.531907 0.032842 0.087120 33.8000 0.39220236713854717
0 0.523547 0.511387 0.032391 0.084267 38.2400 0.44372244140171735
0 0.604501 0.508253 0.085008 0.097947 30.9100 0.35866790438616847
0 0.557826 0.499267 0.038841 0.069147 46.5200 0.5398004177303318
0 0.537069 0.468067 0.035684 0.043067 76.2300 0.884543977721049
0 0.451731 0.470720 0.036312 0.035893 76.6400 0.8893014620561615
