1 0.962073 0.602027 0.067802 0.785280 4.6000 0.05337665351589695
1 0.388961 0.635800 0.034895 0.439333 8.1900 0.09503365049895567
1 0.347480 0.657933 0.053414 0.441947 7.6700 0.0889997679275934
1 0.523076 0.527547 0.023623 0.219733 15.9000 0.1844975632397308
1 0.512701 0.494960 0.024066 0.154187 24.0300 0.2788349965189139
1 0.559722 0.531267 0.017448 0.213360 15.6100 0.18113251334416336
1 0.594630 0.499427 0.018519 0.179013 19.8100 0.2298677187282432
1 0.603205 0.484880 0.012077 0.157440 22.8300 0.2649106521234625
0 0.467890 0.483240 0.028245 0.073147 43.6100 0.5060338825713622
1 0.323655 0.548200 0.027101 0.220187 16.2500 0.18855883035507076
1 0.580556 0.520133 0.019324 0.181333 18.2300 0.21153399860756555
