2 0.039626 0.500467 0.018237 0.104187 34.6100 0.40160129960547686
1 0.272202 0.608827 0.036498 0.344000 9.9800 0.11580413088883731
1 0.226441 0.599547 0.046167 0.396053 9.6500 0.11197493618008818
1 0.364762 0.635387 0.056626 0.436213 8.3600 0.09700626595497794
2 0.885568 0.585120 0.060507 0.284267 12.0500 0.13982362497099093
1 0.621795 0.495013 0.010467 0.109653 34.0400 0.39498723601763747
1 0.634525 0.501080 0.008857 0.095280 33.2500 0.3858203759572986
2 0.836856 0.512853 0.040282 0.115680 30.5500 0.35449060106753305
1 0.955813 0.501747 0.013688 0.119013 28.5200 0.33093525179856115
1 0.978120 0.515693 0.013164 0.120667 27.8300 0.3229287537711766
