0 0.722379 0.696147 0.223631 0.453147 8.7100 0.10106753307031795
0 0.226188 0.644653 0.150040 0.285840 13.2700 0.15398004177303318
0 0.906944 0.514867 0.184501 0.323173 10.6600 0.12369459271292642
0 0.355487 0.556627 0.061490 0.133733 24.4600 0.2838245532606173
0 0.382242 0.538613 0.044775 0.099307 30.0700 0.3489208633093525
0 0.398072 0.529160 0.035016 0.084987 34.7700 0.4034578788582038
0 0.873760 0.442400 0.090676 0.088160 35.3300 0.4099559062427477
0 0.845177 0.439947 0.085684 0.088107 38.3300 0.44476676723137615
0 0.831679 0.442267 0.085451 0.075840 41.1300 0.47725690415409605
0 0.816816 0.434560 0.079364 0.073227 43.6700 0.5067300997911348
