0 0.733881 0.541987 0.234686 0.273413 13.4300 0.15583662102576
0 0.948446 0.445120 0.101498 0.111040 27.5900 0.3201438848920863
0 0.920463 0.450787 0.107834 0.103067 29.9400 0.3474123926665119
0 0.887979 0.450253 0.105185 0.101680 32.4500 0.3765374796936644
0 0.352717 0.559147 0.060556 0.148213 22.9200 0.2659549779531214
0 0.424400 0.539133 0.049493 0.126427 27.6000 0.32025992109538176
0 0.670173 0.464547 0.096385 0.120933 31.9000 0.3701554885124158
0 0.758305 0.451707 0.047496 0.087893 41.4600 0.4810860988628452
0 0.789895 0.451080 0.053027 0.079813 41.9000 0.486191691807844
0 0.376743 0.545160 0.052166 0.113307 29.2300 0.3391738222325365
0 0.532705 0.504040 0.033043 0.075067 41.0800 0.4766767231376189
0 0.488897 0.507080 0.022963 0.060667 52.5100 0.6093061035042933
