1 0.754666 0.650960 0.062681 0.581173 6.4800 0.07519145973543745
1 0.034750 0.626960 0.069501 0.350400 9.8700 0.11452773265258759
1 0.082230 0.632080 0.051965 0.404853 8.9100 0.1033882571362265
2 0.340431 0.539347 0.034678 0.205360 18.0100 0.20898120213506613
1 0.163547 0.556560 0.018929 0.195253 16.8800 0.19586911116268274
1 0.755527 0.617493 0.053873 0.446613 8.4700 0.09828266419122766
1 0.695229 0.653640 0.033084 0.249787 9.5300 0.11058250174054303
1 0.712806 0.651507 0.037464 0.250427 9.5100 0.11035042933395219
2 0.501171 0.510600 0.034211 0.118320 30.3800 0.35251798561151076
0 0.374485 0.502587 0.056361 0.064427 44.6100 0.517637502900905
