0 0.730990 0.736160 0.225813 0.522347 7.5600 0.08772336969134369
0 0.081139 0.750707 0.162279 0.493253 6.4200 0.07449524251566488
0 0.123035 0.665493 0.246071 0.380640 9.0200 0.1046646553724762
0 0.143881 0.609360 0.220998 0.359787 11.4300 0.13262938036667438
0 0.203390 0.599773 0.170709 0.213467 14.0300 0.1627987932234857
0 0.287516 0.581627 0.141425 0.176693 16.8000 0.19494082153631934
0 0.319312 0.565867 0.125709 0.165760 19.0000 0.2204687862613135
0 0.327983 0.552560 0.097303 0.157120 21.4800 0.2492457646785797
0 0.339662 0.534760 0.117327 0.142160 23.8200 0.2763982362497099
0 0.364634 0.527440 0.081924 0.107040 28.7300 0.3333720120677651
0 0.389686 0.503827 0.070853 0.109200 38.3600 0.4451148758412624
2 0.465258 0.498600 0.006377 0.054533 57.2100 0.6638431190531445
0 0.568881 0.559347 0.052415 0.138213 21.3800 0.2480854026456254
0 0.631163 0.521787 0.094356 0.127893 26.5000 0.3074959387328846
0 0.577907 0.503773 0.057053 0.084720 41.8800 0.4859596194012532
0 0.519118 0.505347 0.020443 0.051707 55.2900 0.6415641680204223
