1 0.819618 0.657653 0.095966 0.674027 4.8400 0.05616152239498723
1 0.863410 0.592933 0.069960 0.616213 6.7400 0.07820840102111859
1 0.420962 0.559920 0.024919 0.258240 13.6000 0.1578092364817823
1 0.397597 0.560640 0.029122 0.245600 13.5200 0.15688094685541887
1 0.485700 0.525293 0.022576 0.195547 17.8100 0.20666047806915755
1 0.500177 0.496760 0.014122 0.143387 25.8100 0.2994894407055001
1 0.526655 0.524813 0.019525 0.188827 17.5800 0.2039916453933627
1 0.582146 0.496707 0.015209 0.163600 21.6300 0.2509863077280111
0 0.456494 0.480560 0.025612 0.065920 48.1700 0.5589463912740775
1 0.392637 0.529067 0.015193 0.189547 18.7400 0.21745184497563236
1 0.553510 0.517427 0.014461 0.167120 19.7400 0.22905546530517518
