0 0.839493 0.744253 0.319404 0.506160 5.8300 0.06764910652123463
0 0.015411 0.591560 0.030821 0.173573 16.5800 0.19238802506381988
0 0.729952 0.580080 0.123430 0.369120 11.5100 0.1335576699930378
0 0.342403 0.524627 0.051393 0.102480 30.4200 0.3529821304246925
0 0.281461 0.506933 0.062407 0.140533 30.4600 0.3534462752378742
0 0.418551 0.489627 0.029002 0.078827 37.1100 0.43061035042933393
0 0.596751 0.496000 0.052923 0.099147 31.8700 0.3698073799025296
0 0.635705 0.495947 0.055258 0.105440 32.4900 0.37700162450684616
0 0.173849 0.532173 0.078744 0.106213 30.4300 0.3530981666279879
0 0.086606 0.538640 0.071522 0.096213 30.3800 0.35251798561151076
