0 0.834195 0.761867 0.330000 0.470933 4.5300 0.052564400092828964
0 0.613438 0.588453 0.098776 0.264107 13.6400 0.15827338129496402
0 0.193482 0.603227 0.233760 0.266773 12.2500 0.14214434903689951
0 0.251063 0.575560 0.172705 0.223493 14.8900 0.17277790670689255
0 0.261385 0.543907 0.134622 0.231387 17.3100 0.20085866790438614
0 0.287645 0.554627 0.113841 0.147280 19.8500 0.23033186354142493
0 0.338720 0.536013 0.101530 0.128720 22.6700 0.2630540728707357
0 0.358837 0.535293 0.093519 0.125200 24.8900 0.2888141100023207
0 0.359179 0.515680 0.074960 0.122933 27.2900 0.31666279879322345
0 0.367846 0.514840 0.092601 0.113253 29.7100 0.3447435599907171
0 0.399473 0.481533 0.060878 0.094160 44.3100 0.5141564168020423
2 0.466647 0.485200 0.005467 0.047413 65.6600 0.7618937108377812
0 0.549312 0.530907 0.039992 0.105067 27.3000 0.3167788349965189
0 0.513740 0.487947 0.018188 0.046560 61.1700 0.7097934555581341
