0 0.515717 0.613147 0.092287 0.288747 12.3300 0.14307263866326292
0 0.754396 0.650200 0.199436 0.383493 9.5200 0.11046646553724761
0 0.598088 0.514813 0.080314 0.118107 27.1100 0.31457414713390575
0 0.567786 0.503013 0.050982 0.080800 38.0700 0.441749825945695
0 0.553140 0.494507 0.047568 0.062827 44.5500 0.5169412856811324
0 0.075209 0.608520 0.150419 0.251280 14.6400 0.16987700162450683
0 0.208615 0.571147 0.095910 0.137867 21.5600 0.2501740543049431
0 0.336993 0.519827 0.046997 0.079280 37.9700 0.44058946391274073
0 0.360209 0.503147 0.034026 0.083467 44.1400 0.5121838013460199
0 0.394928 0.496107 0.030741 0.057813 54.5700 0.6332095613831515
0 0.431836 0.490253 0.028647 0.042533 67.1100 0.7787189603156184
0 0.259666 0.514387 0.051200 0.081627 36.4000 0.4223717799953585
0 0.018853 0.577133 0.037705 0.171547 16.4300 0.19064748201438847
