0 0.507746 0.575773 0.068969 0.215813 15.8800 0.18426549083313992
0 0.651473 0.560053 0.132673 0.209280 15.7300 0.1825249477837085
0 0.578309 0.501880 0.067246 0.094693 33.3100 0.38651659317707127
0 0.554513 0.495467 0.044340 0.068640 44.4500 0.5157809236481782
0 0.546155 0.490040 0.042021 0.054853 50.7200 0.5885356231144117
0 0.075109 0.603840 0.150217 0.262560 14.5100 0.16836853098166626
0 0.188454 0.564947 0.106586 0.168507 20.8400 0.2418194476676723
0 0.270471 0.549173 0.066498 0.104000 27.7300 0.3217683917382223
0 0.359509 0.511053 0.039275 0.067547 44.1400 0.5121838013460199
0 0.376735 0.499000 0.028865 0.072507 50.5100 0.5860988628452076
0 0.403740 0.492720 0.026997 0.051627 60.8900 0.7065444418658621
0 0.436574 0.488133 0.025982 0.038827 73.3700 0.8513576235785565
0 0.962005 0.548867 0.074380 0.114053 23.9700 0.27813877929914127
0 0.113378 0.550573 0.081812 0.133200 22.9000 0.2657229055465305
