0 0.167738 0.727760 0.241176 0.416160 9.0800 0.10536087259224877
0 0.889187 0.762787 0.220016 0.469093 4.1500 0.04815502436760269
0 0.301103 0.613293 0.116957 0.223493 14.6700 0.17022511023439313
0 0.734392 0.675800 0.184565 0.369200 9.7000 0.11255511719656532
0 0.353833 0.572027 0.083527 0.153600 20.0900 0.23311673242051517
0 0.640878 0.587707 0.106763 0.227093 14.9200 0.17312601531677882
0 0.424561 0.519147 0.033921 0.082400 35.9000 0.4165699698305871
0 0.604344 0.553093 0.066675 0.161120 19.9400 0.23137618937108378
0 0.586840 0.530733 0.047770 0.123813 25.4500 0.2953121373868647
0 0.572846 0.518587 0.041135 0.099787 30.9800 0.3594801578092365
