0 0.369138 0.556613 0.086860 0.193333 16.6900 0.1936644233000696
2 0.775258 0.460400 0.061031 0.169867 19.8700 0.23056393594801577
2 0.712307 0.459467 0.047609 0.144373 24.9100 0.28904618240891156
1 0.443253 0.503667 0.019211 0.147973 23.8200 0.2763982362497099
2 0.583430 0.471040 0.031610 0.097067 34.0200 0.3947551636110467
1 0.336469 0.515160 0.017415 0.164027 21.1400 0.24530053376653516
2 0.673003 0.467053 0.021047 0.105200 31.8200 0.36922719888605243
1 0.202488 0.535840 0.016892 0.128000 25.7500 0.2987932234857275
1 0.198329 0.539640 0.018671 0.123387 25.1500 0.2918310512880018
2 0.262162 0.535693 0.055950 0.164613 20.3500 0.23613367370619634
1 0.270483 0.527173 0.016860 0.126987 24.2600 0.28150382919470873
1 0.265113 0.532453 0.020644 0.154240 22.5300 0.26142956602459966
1 0.335749 0.508787 0.013156 0.157787 23.6800 0.27477372940357386
0 0.912830 0.434173 0.100153 0.095707 32.6300 0.3786261313529821
0 0.827713 0.461760 0.088019 0.079840 32.3200 0.3750290090508238
