0 0.049940 0.800680 0.099879 0.393307 2.0400 0.023671385472267346
0 0.261095 0.768600 0.217214 0.457467 8.1800 0.09491761429566023
0 0.360624 0.643147 0.120700 0.266827 13.0000 0.15084706428405661
0 0.652436 0.620467 0.101329 0.289787 12.4800 0.14481318171269436
0 0.975294 0.657600 0.047802 0.530720 5.0200 0.05825017405430493
0 0.417218 0.557693 0.053100 0.154267 23.0000 0.2668832675794848
0 0.429750 0.547173 0.056667 0.111840 27.9900 0.3247853330239034
0 0.468583 0.478360 0.052110 0.058427 55.0600 0.6388953353446275
0 0.650177 0.573133 0.083704 0.195333 16.7600 0.19447667672313762
0 0.689626 0.536653 0.083647 0.163973 20.5600 0.2385704339754003
0 0.636671 0.497253 0.090443 0.112693 32.1500 0.3730563935948015
0 0.871260 0.502800 0.092778 0.128693 24.9000 0.28893014620561613
0 0.807911 0.482907 0.075902 0.084640 34.2300 0.3971919238802506
