0 0.478969 0.531813 0.041304 0.106667 26.6800 0.3095845903922023
0 0.181594 0.636800 0.158728 0.267467 11.9700 0.13889533534462753
0 0.360656 0.648947 0.119767 0.274000 11.4300 0.13262938036667438
0 0.404295 0.587013 0.077351 0.193493 16.4500 0.1908795544209793
0 0.325527 0.538413 0.106707 0.149040 22.2200 0.25783244372244135
0 0.872955 0.793933 0.252480 0.406800 2.6500 0.03074959387328846
1 0.826643 0.685400 0.079179 0.495867 7.2900 0.08459039220236714
0 0.542456 0.545200 0.044155 0.115680 26.4400 0.3067997215131121
0 0.524855 0.523800 0.031192 0.080667 35.7000 0.4142492457646786
0 0.212613 0.521360 0.064952 0.092320 32.2500 0.3742167556277558
0 0.470882 0.516973 0.027126 0.082000 37.8000 0.43861684845671844
0 0.034485 0.566187 0.068969 0.164693 17.7500 0.205964260849385
