0 0.624646 0.603507 0.125652 0.318907 12.9000 0.14968670225110234
0 0.085358 0.712440 0.170717 0.435440 7.6300 0.08853562311441168
0 0.134477 0.658813 0.268953 0.332027 9.9800 0.11580413088883731
0 0.188438 0.621973 0.218744 0.252693 12.4400 0.14434903689951262
0 0.234702 0.588920 0.162464 0.208720 14.9300 0.17324205152007424
0 0.296755 0.542813 0.153269 0.206107 19.4200 0.2253423067997215
0 0.274062 0.569720 0.132391 0.199227 17.1600 0.19911812485495473
0 0.582886 0.573280 0.074758 0.169013 18.3500 0.2129264330471107
0 0.310238 0.532013 0.108043 0.175547 21.7200 0.25203063355766997
0 0.340471 0.531413 0.104678 0.131733 26.5400 0.30796008354606635
0 0.532448 0.519200 0.031739 0.083200 35.8000 0.4154096077976328
0 0.560350 0.544227 0.052343 0.136667 23.7700 0.2758180552332327
