0 0.665664 0.516413 0.154195 0.180613 19.8400 0.23021582733812948
0 0.992476 0.425213 0.013438 0.126107 23.8000 0.27616616384311904
0 0.882013 0.436000 0.090692 0.090880 33.6400 0.39034578788582036
0 0.856884 0.437027 0.086860 0.085147 36.0900 0.41877465769320027
0 0.838498 0.444293 0.086659 0.085440 38.4900 0.446623346484103
0 0.394489 0.539360 0.043148 0.112320 29.4900 0.34219076351821764
0 0.455439 0.512520 0.031506 0.080933 41.8300 0.485379438384776
0 0.654585 0.471467 0.079622 0.100480 38.2100 0.443374332791831
0 0.734847 0.439187 0.039485 0.076507 47.5400 0.5516361104664654
0 0.764497 0.446747 0.043052 0.069440 47.8900 0.5556973775818055
0 0.538865 0.491973 0.028422 0.064373 47.5000 0.5511719656532837
