0 0.393273 0.514093 0.070733 0.082053 36.4500 0.4229519610118357
0 0.547432 0.518853 0.036924 0.102400 33.3200 0.38663262938036663
0 0.448829 0.532600 0.036176 0.094800 29.6600 0.34416337897423993
0 0.315692 0.544920 0.130934 0.147813 20.8400 0.2418194476676723
0 0.263422 0.578707 0.171804 0.212773 14.6500 0.16999303782780226
0 0.203929 0.612933 0.246361 0.283413 11.8800 0.13785100951496868
0 0.103180 0.639573 0.206361 0.355360 9.2700 0.1075655604548619
0 0.094638 0.679267 0.189275 0.624240 6.6500 0.07716407519145974
0 0.618128 0.610813 0.095950 0.204133 14.7100 0.17068925504757484
0 0.821469 0.773440 0.355451 0.447787 5.5700 0.06463216523555348
