0 0.085274 0.795227 0.170548 0.404213 1.7400 0.0201902993734045
0 0.828861 0.718707 0.340668 0.557253 5.9500 0.06904154096077976
0 0.062114 0.788067 0.124227 0.418533 5.8800 0.06822928753771176
0 0.633595 0.567787 0.185676 0.250667 14.0400 0.16291482942678112
0 0.165020 0.697053 0.192101 0.348880 10.4700 0.1214899048503133
0 0.537134 0.525267 0.035974 0.102587 31.3500 0.3637734973311673
0 0.523567 0.513427 0.032448 0.098107 36.3200 0.4214434903689951
1 0.473273 0.490067 0.004565 0.057733 63.7700 0.7399628684149454
1 0.477689 0.491627 0.004831 0.056107 64.5100 0.7485495474588072
0 0.446703 0.491187 0.014469 0.050427 73.5000 0.852866094221397
