0 0.505853 0.559147 0.050821 0.138293 21.1400 0.24530053376653516
0 0.299428 0.618587 0.153237 0.287840 11.8800 0.13785100951496868
0 0.324505 0.586693 0.125225 0.207200 15.7300 0.1825249477837085
0 0.402403 0.536933 0.086353 0.115307 25.1300 0.29159897888141095
0 0.429312 0.509333 0.056385 0.080053 36.2700 0.420863309352518
0 0.852267 0.766733 0.293857 0.461200 6.7300 0.07809236481782315
0 0.673281 0.590987 0.127383 0.268053 14.2600 0.16546762589928057
1 0.600024 0.582733 0.027649 0.200347 15.3600 0.17823160826177764
0 0.614267 0.559800 0.067037 0.145040 20.9300 0.24286377349733115
0 0.588889 0.540933 0.049324 0.110027 26.2300 0.3043629612439081
0 0.577267 0.519760 0.044404 0.113067 31.5400 0.36597818519378045
1 0.552005 0.506493 0.010193 0.072187 43.7200 0.5073102808076119
0 0.134662 0.599827 0.181063 0.218053 13.8500 0.160710141564168
0 0.504972 0.515467 0.029638 0.089493 34.7600 0.4033418426549083
0 0.044879 0.549493 0.089758 0.178827 17.1900 0.19946623346484102
0 0.241139 0.559880 0.101876 0.156667 18.8500 0.2187282432118821
