0 0.042564 0.672453 0.085129 0.649760 6.3000 0.07310280807611974
2 0.329493 0.630387 0.048728 0.282907 11.7700 0.13657461127871895
0 0.941969 0.746813 0.114452 0.501040 4.8400 0.05616152239498723
0 0.861437 0.715880 0.275515 0.427387 7.7400 0.08981202135066141
0 0.829006 0.619000 0.275435 0.376880 10.1200 0.11742863773497329
0 0.248003 0.577133 0.170000 0.178853 17.4700 0.20271524715711298
0 0.289396 0.565360 0.135556 0.153600 20.0300 0.23242051520074264
0 0.319855 0.539653 0.084928 0.122187 25.2300 0.2927593409143653
0 0.537484 0.544613 0.053873 0.129493 23.3400 0.27082849849152935
0 0.367951 0.516667 0.068205 0.088213 34.6200 0.4017173358087723
0 0.511610 0.507200 0.027053 0.075840 38.3800 0.4453469482478533
