0 0.505616 0.556387 0.050765 0.137680 21.1600 0.245532606173126
0 0.269106 0.645067 0.174348 0.344373 10.2200 0.1185889997679276
0 0.305294 0.602600 0.139106 0.234907 14.0900 0.1634950104432583
0 0.395894 0.545467 0.092029 0.124267 23.4900 0.27256904154096073
0 0.413329 0.519613 0.059219 0.094320 31.6500 0.36725458343003015
0 0.425890 0.518040 0.058994 0.084293 34.6300 0.40183337201206776
0 0.877701 0.777733 0.242987 0.439200 5.0600 0.058714318867486646
0 0.699086 0.620467 0.153470 0.310853 12.6000 0.14620561615223948
1 0.610628 0.594587 0.033285 0.222933 13.8400 0.16059410536087257
0 0.624352 0.572200 0.074919 0.160027 19.2600 0.22348572754699467
0 0.595149 0.549933 0.053760 0.118853 24.5700 0.285100951496867
0 0.581643 0.522933 0.047665 0.119733 29.9000 0.34694824785333017
1 0.553233 0.508027 0.011538 0.075040 42.0900 0.4883963796704572
0 0.095511 0.622840 0.191023 0.255707 12.1600 0.14110002320724066
0 0.504714 0.514733 0.029622 0.089467 34.7700 0.4034578788582038
0 0.026192 0.544080 0.052383 0.178987 15.5600 0.18055233232768622
0 0.217214 0.570880 0.115250 0.173707 17.2300 0.19993037827802274
