0 0.241590 0.650133 0.138704 0.259520 13.9900 0.162334648410304
0 0.312931 0.594027 0.085572 0.165333 19.3300 0.22429798097006262
0 0.350938 0.567453 0.056353 0.127387 24.3100 0.28208401021118584
0 0.377943 0.546573 0.046626 0.099067 30.2000 0.35042933395219306
0 0.699670 0.470107 0.102770 0.128800 25.8900 0.30041773033186353
0 0.680805 0.466267 0.068889 0.121920 28.4300 0.3298909259689023
0 0.660479 0.468453 0.074452 0.109760 30.8000 0.35739150614991877
0 0.976699 0.402013 0.044992 0.123173 25.1700 0.2920631236945927
0 0.954481 0.400720 0.089428 0.122240 27.8800 0.3235089347876537
0 0.939054 0.407400 0.120282 0.103493 30.7500 0.3568113251334416
0 0.908337 0.417013 0.109364 0.097280 33.1900 0.38512415873752603
0 0.405592 0.533067 0.036353 0.079093 37.8200 0.43884892086330934
0 0.555278 0.511053 0.037238 0.095120 32.0300 0.3716639591552564
