0 0.569597 0.555760 0.061014 0.154347 21.5700 0.2502900905082385
0 0.124098 0.788707 0.248196 0.417253 5.3900 0.06254351357623578
0 0.829267 0.540813 0.227633 0.215280 14.4500 0.16767231376189368
0 0.768635 0.497587 0.172472 0.225200 17.6000 0.20422371779995357
0 0.350922 0.558413 0.056997 0.134000 25.8800 0.30030169412856805
0 0.242605 0.634733 0.119509 0.223920 14.8300 0.17208168948711997
0 0.691031 0.502840 0.120483 0.141040 23.6900 0.27488976560686934
0 0.392250 0.530613 0.036691 0.085387 37.1300 0.4308424228359248
0 0.929231 0.455307 0.110491 0.117867 29.9500 0.34752842886980734
0 0.887476 0.449040 0.104694 0.095360 33.2300 0.3855883035507078
