0 0.501993 0.540840 0.053986 0.168987 19.7800 0.22951961011835692
0 0.900717 0.733787 0.196957 0.527093 5.6600 0.06567649106521234
0 0.783450 0.616040 0.188671 0.399067 9.6300 0.11174286377349733
0 0.597234 0.518533 0.091377 0.132320 23.7000 0.27500580181016476
0 0.559130 0.486107 0.054718 0.075307 41.3900 0.4802738454397772
0 0.546675 0.481480 0.038068 0.058213 52.0700 0.6042005105592945
0 0.207424 0.542467 0.102432 0.160507 22.4400 0.2603852401949408
0 0.271586 0.529533 0.066039 0.118320 28.7900 0.33406822928753765
0 0.317500 0.522120 0.046836 0.077680 35.7500 0.4148294267811557
0 0.377110 0.492547 0.031997 0.056827 52.0600 0.6040844743559991
0 0.207110 0.526293 0.053478 0.098133 30.4500 0.3533302390345788
