0 0.699279 0.689507 0.203196 0.479973 8.5300 0.09897888141100021
0 0.067862 0.762933 0.135725 0.468800 6.1300 0.07113019262009747
0 0.116216 0.691467 0.232432 0.399093 8.6700 0.10060338825713622
0 0.151027 0.653707 0.241135 0.277813 11.2200 0.1301926200974704
0 0.608599 0.598067 0.098857 0.213040 14.5400 0.16871663959155253
0 0.559304 0.536960 0.049767 0.144640 23.5100 0.27280111394755163
0 0.328949 0.550307 0.120894 0.143813 22.1000 0.2564400092828963
0 0.344147 0.526547 0.080692 0.144827 27.1600 0.3151543281503829
0 0.383003 0.525600 0.068647 0.088640 32.5900 0.37816198653980043
0 0.533088 0.514933 0.028253 0.075573 37.3000 0.432815038291947
