0 0.482085 0.506200 0.026490 0.083493 37.8300 0.4389649570666047
0 0.488281 0.494693 0.023277 0.076853 46.8800 0.5439777210489672
1 0.756292 0.596280 0.038108 0.357093 9.2500 0.10733348804827106
0 0.635250 0.612600 0.126747 0.288827 12.0400 0.1397075887676955
0 0.577484 0.560307 0.064485 0.190000 17.3400 0.20120677651427243
0 0.534622 0.502747 0.031739 0.100747 35.6600 0.4137851009514968
0 0.157613 0.657120 0.151731 0.238773 13.7200 0.15920167092132745
0 0.247689 0.590947 0.097939 0.175653 19.3300 0.22429798097006262
0 0.316111 0.548840 0.061320 0.118853 26.9800 0.3130656764910652
0 0.516977 0.490893 0.016787 0.052933 60.4000 0.7008586679043861
