1 0.659098 0.537587 0.024960 0.201733 16.1800 0.18774657693200278
2 0.389251 0.561240 0.027198 0.193147 17.9600 0.208401021118589
2 0.408945 0.528760 0.017842 0.143653 25.1000 0.2912508702715247
0 0.585185 0.570267 0.069968 0.185760 18.0400 0.2093293107449524
0 0.557355 0.536253 0.053406 0.158960 23.1500 0.26862381062891616
0 0.543305 0.520267 0.042568 0.134453 28.6000 0.3318635414249246
1 0.496224 0.485320 0.009388 0.074533 49.5400 0.5748433511255511
1 0.501538 0.488480 0.008857 0.072533 50.0400 0.5806451612903225
0 0.442890 0.485667 0.018196 0.061947 60.2100 0.698653980041773
0 0.407464 0.516973 0.030886 0.081360 37.6000 0.4362961243908099
0 0.335805 0.573533 0.075008 0.167440 19.9000 0.23091204455790204
