1 0.464501 0.537987 0.022544 0.203707 16.7900 0.1948247853330239
1 0.504517 0.533133 0.024686 0.214267 16.7500 0.19436064051984217
1 0.285882 0.538320 0.020395 0.194933 18.2400 0.21165003481086095
1 0.454452 0.556480 0.023349 0.226773 15.0000 0.17405430494314225
1 0.575403 0.636373 0.057697 0.492693 7.3800 0.08563471803202598
1 0.965334 0.590493 0.058237 0.464987 7.5700 0.08783940589463912
1 0.512572 0.544667 0.028446 0.233173 15.0200 0.1742863773497331
1 0.626167 0.614920 0.048309 0.373413 8.7800 0.10187978649338592
0 0.327729 0.602440 0.170451 0.390747 11.1900 0.1298445114875841
0 0.340109 0.509227 0.081490 0.217440 21.1000 0.24483638895335344
