2 0.702194 0.600360 0.048462 0.233413 15.5800 0.1807844047342771
2 0.148885 0.719707 0.297770 0.528587 3.1300 0.03631933163146901
2 0.545326 0.583840 0.037947 0.222293 15.3900 0.17857971687166396
1 0.210415 0.534387 0.012617 0.138907 27.0300 0.3136458575075423
1 0.226473 0.528547 0.015298 0.120293 26.4400 0.3067997215131121
2 0.523696 0.537360 0.027520 0.102560 34.9900 0.4060106753307032
1 0.340576 0.538987 0.010201 0.127573 27.9600 0.3244372244140172
1 0.329038 0.538147 0.013953 0.107813 28.9300 0.3356927361336737
1 0.532850 0.529453 0.011272 0.107120 31.6800 0.3676026920399164
1 0.553680 0.544747 0.015298 0.107147 31.6900 0.3677187282432119
