1 0.525874 0.464213 0.015837 0.152000 22.2500 0.2581805523323277
1 0.211852 0.530893 0.026570 0.320827 11.7200 0.1359944302622418
1 0.895411 0.666720 0.178583 0.634560 3.5900 0.04165699698305871
1 0.564275 0.465573 0.031127 0.193280 18.8000 0.21814806219540495
1 0.583205 0.662400 0.143172 0.643200 3.9900 0.04629844511487584
1 0.587222 0.713867 0.112528 0.540267 4.9400 0.05732188442794152
1 0.610000 0.675653 0.053140 0.616693 5.3400 0.06196333255975864
1 0.669481 0.731773 0.068704 0.504453 5.5100 0.06393594801578091
1 0.689887 0.688093 0.049919 0.591813 5.8800 0.06822928753771176
1 0.779082 0.705853 0.071932 0.556293 5.5400 0.0642840566256672
1 0.298539 0.712533 0.078366 0.542933 5.6300 0.06532838245532606
1 0.457713 0.571133 0.045620 0.365627 9.7100 0.11267115339986075
1 0.541771 0.569867 0.037842 0.337440 9.8600 0.11441169644929217
1 0.569046 0.552013 0.067093 0.363707 9.9900 0.11592016709213274
1 0.625097 0.537920 0.058615 0.340747 10.2300 0.11870503597122302
