0 0.488514 0.507387 0.020072 0.063253 49.3500 0.572638663262938
0 0.238796 0.762093 0.246063 0.470480 7.4500 0.08644697145509399
0 0.863792 0.736947 0.270805 0.520773 2.7400 0.03179391970294732
0 0.748651 0.725627 0.232552 0.543413 6.7000 0.07774425620793687
0 0.590588 0.582120 0.083881 0.201307 16.4400 0.19076351821768392
0 0.538591 0.525733 0.034557 0.097280 31.7400 0.368298909259689
0 0.565970 0.550827 0.057110 0.155627 21.5500 0.2500580181016477
0 0.295197 0.549987 0.071023 0.085520 36.3700 0.4220236713854722
0 0.204859 0.555640 0.080089 0.089253 36.3600 0.4219076351821768
0 0.522685 0.506400 0.021892 0.060267 50.2000 0.5825017405430494
1 0.751212 0.598160 0.031667 0.404213 9.0100 0.10454861916918078
