0 0.973349 0.609187 0.051691 0.406373 7.4400 0.08633093525179857
0 0.189762 0.687920 0.196562 0.310613 11.6400 0.13506614063587838
0 0.840052 0.744000 0.318285 0.506667 5.7100 0.06625667208168948
0 0.671848 0.638200 0.146433 0.328987 11.3100 0.13123694592712926
0 0.297428 0.605133 0.090266 0.191013 17.4100 0.20201902993734044
0 0.589376 0.556440 0.066562 0.147600 21.0500 0.2442562079368763
0 0.368708 0.556240 0.059509 0.120000 26.6000 0.30865630076583894
0 0.565290 0.542453 0.051787 0.114933 26.8600 0.31167324205152
0 0.411204 0.518347 0.029316 0.076373 41.5900 0.4825945695056858
0 0.544062 0.517333 0.035242 0.087413 35.3900 0.4106521234625203
0 0.456385 0.489573 0.038325 0.045387 65.7300 0.7627059642608494
