0 0.517524 0.591533 0.066562 0.209787 16.3900 0.19018333720120678
0 0.645729 0.557147 0.112568 0.180160 18.5600 0.21536319331631465
0 0.590894 0.535267 0.065523 0.108400 29.2400 0.3392898584358319
0 0.568724 0.525187 0.057802 0.079973 36.0700 0.41854258528660937
0 0.061498 0.672533 0.122995 0.250133 13.0500 0.15142724530053375
0 0.381554 0.543827 0.046457 0.096933 33.2300 0.3855883035507078
0 0.443563 0.517787 0.027303 0.064427 50.3600 0.5843583197957762
0 0.475169 0.505667 0.019034 0.048507 66.6300 0.7731492225574378
0 0.291385 0.562853 0.066506 0.108800 29.4700 0.3419586911116268
0 0.328329 0.537813 0.045660 0.105067 35.6400 0.413553028544906
0 0.374440 0.524133 0.036514 0.069867 46.1000 0.5349268971919239
0 0.422790 0.517613 0.034082 0.049947 58.7600 0.6818287305639359
0 0.187520 0.554813 0.071804 0.110480 27.8900 0.32362497099094917
0 0.179106 0.536547 0.075056 0.080880 38.4900 0.446623346484103
