0 0.527540 0.655173 0.122729 0.383733 9.7300 0.11290322580645161
0 0.881872 0.721200 0.234646 0.552267 5.9400 0.06892550475748434
0 0.615201 0.519320 0.092657 0.136987 23.6200 0.27407751218380133
0 0.576502 0.505440 0.055161 0.089440 34.5200 0.40055697377581806
0 0.560346 0.496653 0.051320 0.068347 41.0600 0.4764446507310281
0 0.031345 0.637000 0.062689 0.273680 11.1400 0.12926433047110697
0 0.484549 0.479640 0.017295 0.037253 77.5000 0.8992805755395683
0 0.152331 0.597947 0.127045 0.170400 18.0700 0.2096774193548387
0 0.323446 0.525640 0.054074 0.088080 34.4800 0.40009282896263626
0 0.350310 0.508240 0.037721 0.090880 40.7100 0.47238338361568805
0 0.389352 0.498920 0.033213 0.061733 51.2300 0.5944534694824785
0 0.430624 0.490787 0.030620 0.044827 63.7600 0.7398468322116499
0 0.235946 0.521267 0.058462 0.090640 32.9100 0.38187514504525405
0 0.224706 0.507160 0.061779 0.067600 44.2600 0.513576235785565
