0 0.464799 0.532907 0.039936 0.102880 27.6300 0.320608029705268
0 0.180000 0.777013 0.360000 0.440640 5.4100 0.06277558598282663
0 0.343313 0.654653 0.143035 0.330480 10.4000 0.12067765142724529
0 0.260165 0.581160 0.140910 0.211440 16.2900 0.18902297516825248
0 0.337605 0.539813 0.089058 0.107680 26.9400 0.3126015316778835
0 0.359577 0.527093 0.069026 0.104160 30.1000 0.3492689719192388
0 0.386095 0.519107 0.061852 0.076827 36.8900 0.4280575539568345
0 0.556405 0.554453 0.058929 0.152053 20.4000 0.23671385472267345
0 0.529243 0.526267 0.039452 0.097813 29.7200 0.3448595961940125
0 0.144638 0.543800 0.091739 0.116187 26.1900 0.30389881643072636
0 0.464412 0.511787 0.027762 0.080800 38.3200 0.4446507310280807
