0 0.955938 0.750680 0.086514 0.493307 2.8200 0.03272220932931074
0 0.242544 0.766680 0.243430 0.446053 8.7800 0.10187978649338592
1 0.672713 0.522053 0.021208 0.187253 20.7100 0.24031097702483173
0 0.678820 0.609693 0.102955 0.234213 14.2600 0.16546762589928057
0 0.639320 0.565000 0.072311 0.158907 19.8600 0.23044789974472032
0 0.421264 0.578387 0.069002 0.161520 20.8200 0.24158737526108146
0 0.446924 0.553453 0.047842 0.119653 26.2300 0.3043629612439081
0 0.612729 0.548333 0.050853 0.122587 26.6400 0.30912044557902063
0 0.468708 0.532653 0.037544 0.106693 33.7400 0.39150614991877464
0 0.500749 0.522360 0.036329 0.082267 40.4200 0.46901833372012064
0 0.567126 0.511307 0.038438 0.062240 50.5200 0.5862148990485031
