1 0.371155 0.481347 0.012343 0.101840 35.6700 0.41390113715479226
0 0.352915 0.468533 0.045894 0.115573 39.0000 0.4525411928521698
0 0.385157 0.478600 0.045274 0.085947 41.2000 0.47806915757716406
0 0.428651 0.473400 0.053213 0.074320 42.4200 0.4922255743792063
0 0.569875 0.462693 0.038994 0.063307 48.3900 0.5614991877465769
0 0.604002 0.458240 0.042319 0.067307 50.3600 0.5843583197957762
0 0.629779 0.465987 0.047947 0.053200 54.3700 0.6308888373172429
0 0.653184 0.465347 0.035515 0.053627 54.7800 0.6356463216523555
0 0.672951 0.467373 0.039557 0.050587 55.5100 0.6441169644929218
0 0.693728 0.461040 0.046361 0.052853 56.3600 0.6539800417730331
0 0.748229 0.455653 0.043849 0.049867 60.8900 0.7065444418658621
0 0.766119 0.456080 0.038470 0.045707 62.1700 0.7213970758876769
