0 0.239722 0.746200 0.319493 0.502267 6.9900 0.0811093061035043
0 0.885290 0.776120 0.227810 0.442427 1.8800 0.021814806219540493
0 0.800644 0.732920 0.307327 0.528827 6.4700 0.07507542353214201
0 0.976795 0.486933 0.044799 0.233867 14.6500 0.16999303782780226
0 0.367713 0.581013 0.092721 0.204800 16.0600 0.18635414249245763
0 0.406296 0.552307 0.071288 0.151973 21.1500 0.24541656996983055
0 0.772560 0.498173 0.080821 0.142107 24.8800 0.28869807379902523
0 0.714807 0.498027 0.074219 0.118187 26.3300 0.3055233232768623
0 0.684557 0.490787 0.063414 0.108560 28.9800 0.33627291715015084
0 0.576860 0.522133 0.046989 0.119733 27.5600 0.3197957762822
0 0.448909 0.510387 0.041892 0.100560 32.3600 0.37549315386400556
0 0.616031 0.469987 0.049936 0.073307 46.6400 0.541192852169877
