0 0.496111 0.522440 0.035604 0.111547 29.0300 0.33685309816662795
0 0.827367 0.714120 0.245153 0.566427 6.8700 0.07971687166395915
0 0.723684 0.629640 0.192520 0.332400 10.6000 0.12299837549315384
0 0.668551 0.571880 0.149630 0.256560 14.1000 0.1636110466465537
0 0.641312 0.557893 0.109469 0.179680 17.8300 0.2068925504757484
0 0.617114 0.535760 0.105242 0.140160 21.4000 0.24831747505221627
0 0.429066 0.495773 0.017923 0.040453 68.0300 0.7893942910187978
0 0.381502 0.528947 0.037351 0.083013 34.4800 0.40009282896263626
0 0.574734 0.507773 0.072174 0.095227 32.0700 0.37212810396843815
0 0.553740 0.499520 0.057657 0.073280 38.7400 0.44952425156648873
0 0.382613 0.498067 0.025660 0.056933 59.2000 0.6869343235089348
0 0.360515 0.492947 0.016715 0.043227 67.2800 0.7806915757716407
