0 0.263172 0.630467 0.122625 0.234640 15.1500 0.17579484799257367
0 0.325483 0.582560 0.077665 0.153707 20.5100 0.23799025295892318
0 0.358816 0.560187 0.052673 0.120587 25.4600 0.2954281735901601
0 0.383655 0.541867 0.044155 0.094827 31.3600 0.36388953353446274
0 0.692238 0.469040 0.098019 0.123253 27.0300 0.3136458575075423
0 0.655097 0.469467 0.071562 0.105813 31.9200 0.3703875609190067
0 0.967947 0.403907 0.062496 0.118587 26.2700 0.3048271060570898
0 0.947315 0.415240 0.103760 0.117360 28.9800 0.33627291715015084
0 0.924630 0.420787 0.115700 0.099067 31.8700 0.3698073799025296
0 0.895523 0.419253 0.105266 0.094133 34.2600 0.39754003249013686
0 0.409525 0.527093 0.034960 0.076053 39.0200 0.4527732652587607
0 0.554223 0.506587 0.035692 0.091627 33.1800 0.38500812253423067
