0 0.851892 0.753600 0.294605 0.487467 5.6300 0.06532838245532606
0 0.329823 0.535040 0.090725 0.118400 25.2600 0.29310744952425155
1 0.350201 0.533053 0.014541 0.162160 20.8300 0.24170341146437685
2 0.796622 0.552120 0.090362 0.214213 15.0700 0.17486655836621023
0 0.550217 0.495120 0.069855 0.087947 36.7100 0.4259689022975168
0 0.724863 0.486120 0.080048 0.077040 38.3600 0.4451148758412624
0 0.432351 0.511973 0.057890 0.078560 38.5300 0.44708749129728476
0 0.214130 0.528133 0.066634 0.085547 35.4000 0.4107681596658157
0 0.468692 0.487707 0.019911 0.044427 65.3700 0.7585286609422139
0 0.439344 0.493373 0.023374 0.045893 65.1800 0.7563239730796009
