0 0.506027 0.547827 0.050700 0.136240 21.1800 0.24576467857971684
0 0.227661 0.686347 0.202907 0.428107 8.5600 0.09932699002088652
0 0.283909 0.609907 0.153374 0.269520 12.4800 0.14481318171269436
0 0.388378 0.540240 0.098494 0.133760 21.8500 0.25353910420051057
0 0.409364 0.511960 0.062319 0.099440 30.0100 0.3482246460895799
0 0.421940 0.507880 0.061836 0.088293 32.9700 0.38257136226502664
0 0.733768 0.635547 0.190998 0.369813 10.9400 0.12694360640519842
1 0.627536 0.599320 0.031675 0.250693 12.3300 0.14307263866326292
0 0.636723 0.569240 0.084525 0.174053 17.6400 0.2046878626131353
0 0.602275 0.542640 0.058929 0.126347 22.9300 0.26607101415641676
0 0.586449 0.513533 0.051578 0.127227 28.2500 0.3278022743095846
1 0.556820 0.497093 0.011272 0.077973 40.4700 0.46959851473659775
0 0.074952 0.638413 0.149903 0.292720 10.5100 0.121954049663495
0 0.504879 0.500027 0.029614 0.089440 34.7900 0.40368995126479457
0 0.185789 0.581747 0.132496 0.194853 15.5600 0.18055233232768622
