0 0.134126 0.760520 0.268253 0.473627 8.0500 0.09340914365281969
0 0.918700 0.771227 0.160990 0.452213 3.1400 0.03643536783476445
0 0.284646 0.627067 0.130290 0.244213 13.6400 0.15827338129496402
0 0.766695 0.709707 0.219573 0.427627 8.6500 0.10037131585054537
0 0.344718 0.579440 0.089308 0.163573 19.0600 0.22116500348108606
0 0.651961 0.599560 0.118688 0.247280 13.8700 0.16094221397075886
0 0.421316 0.521413 0.035499 0.084960 34.8600 0.4045022046878626
0 0.609614 0.560147 0.071916 0.170960 18.9000 0.21930842422835922
0 0.589827 0.535333 0.050556 0.129440 24.4100 0.2832443722441402
0 0.574670 0.522533 0.043221 0.103413 29.9600 0.3476444650731028
