0 0.491715 0.504187 0.019163 0.060373 51.6100 0.5988628452077047
0 0.829304 0.744427 0.339783 0.505813 5.3000 0.06149918774657692
0 0.448519 0.514427 0.027713 0.075307 39.1800 0.4546298445114875
0 0.611345 0.589720 0.086216 0.210587 15.6000 0.18101647714086794
0 0.577077 0.556080 0.067343 0.175467 20.1100 0.23334880482710604
0 0.561598 0.530987 0.046723 0.146187 23.8400 0.2766303086563007
0 0.540717 0.522453 0.035427 0.092053 33.6600 0.39057786029241115
0 0.524517 0.503013 0.020660 0.061600 48.9500 0.5679972151311209
0 0.359670 0.516107 0.045926 0.057013 53.6500 0.622534230679972
0 0.299356 0.519640 0.051707 0.059547 53.5700 0.6216059410536087
1 0.606908 0.507853 0.017713 0.150587 23.6300 0.27419354838709675
