0 0.496663 0.525013 0.034549 0.108213 29.8600 0.3464841030401485
0 0.055853 0.629760 0.111707 0.267307 12.6000 0.14620561615223948
0 0.802480 0.664880 0.205572 0.442400 8.4200 0.09770248317475051
0 0.725302 0.603467 0.170008 0.286560 12.0000 0.1392434439545138
0 0.650350 0.573800 0.131989 0.204027 15.4800 0.17962404270132282
0 0.616614 0.546267 0.107882 0.182027 18.8200 0.21838013460199582
0 0.605254 0.535893 0.098655 0.139947 22.4500 0.2605012763982362
0 0.588647 0.523320 0.086715 0.129680 26.0300 0.30204223717799955
0 0.429022 0.503227 0.018865 0.046080 60.1400 0.697841726618705
0 0.540668 0.493507 0.044557 0.055440 50.7200 0.5885356231144117
0 0.403048 0.494107 0.020121 0.047040 71.1900 0.826061731260153
