1 0.658172 0.685827 0.049388 0.465947 7.7800 0.09027616616384311
1 0.271651 0.676080 0.050725 0.441973 8.3000 0.09631004873520538
1 0.179062 0.668160 0.058237 0.415307 8.6000 0.09979113483406822
1 0.888627 0.670187 0.073535 0.507947 6.7900 0.07878858203759573
1 0.821659 0.688480 0.065491 0.497813 7.1100 0.08250174054304943
1 0.530644 0.563307 0.023349 0.213440 17.6100 0.204339754003249
1 0.646679 0.678387 0.053100 0.383120 8.9300 0.10362032954281734
1 0.596075 0.650827 0.035161 0.329333 10.4400 0.121141796240427
1 0.578035 0.628720 0.030596 0.287467 11.9600 0.1387792991413321
1 0.645765 0.598267 0.049420 0.280213 12.8200 0.1487584126247389
1 0.604259 0.631027 0.031401 0.283760 11.5100 0.1335576699930378
1 0.655181 0.548627 0.038800 0.227493 15.9600 0.18519378045950335
0 0.458100 0.536467 0.042625 0.109413 29.9700 0.3477605012763982
