0 0.038708 0.749760 0.077415 0.495147 5.9000 0.06846135994430262
0 0.118317 0.644693 0.236634 0.340747 10.4400 0.121141796240427
0 0.165322 0.573493 0.240596 0.337920 13.0400 0.1513112090972383
2 0.401638 0.543413 0.021135 0.149547 21.4100 0.2484335112555117
0 0.909980 0.749400 0.178430 0.495867 6.5700 0.0762357855650963
0 0.873309 0.674613 0.242979 0.358613 9.1700 0.10640519842190763
0 0.787911 0.632173 0.239831 0.290587 11.6700 0.13541424924576467
0 0.718559 0.599747 0.195829 0.211547 14.5600 0.1689487119981434
0 0.690584 0.563000 0.152005 0.216613 16.9400 0.19656532838245533
0 0.315560 0.549707 0.118221 0.127413 24.1600 0.28034346716175446
0 0.341433 0.537560 0.098068 0.112933 26.8400 0.3114411696449292
0 0.528442 0.525160 0.040250 0.098373 30.0600 0.34880482710605704
0 0.509779 0.504267 0.022826 0.064107 45.1100 0.5234393130656765
