0 0.152178 0.770893 0.304356 0.452880 6.3700 0.07391506149918774
0 0.824457 0.744787 0.349477 0.505093 5.0700 0.05883035507078208
0 0.652878 0.647640 0.160652 0.315280 11.0200 0.12787189603156182
0 0.306715 0.677813 0.148309 0.295413 12.0600 0.13993966117428638
0 0.360338 0.594547 0.073027 0.183600 17.5900 0.20410768159665815
0 0.392754 0.571707 0.058277 0.137280 22.2300 0.25794847992573683
0 0.598229 0.574587 0.085878 0.189013 17.2800 0.20051055929449987
0 0.573961 0.546107 0.054638 0.137600 22.6100 0.2623578556509631
0 0.742669 0.491053 0.090749 0.137840 29.9600 0.3476444650731028
0 0.528341 0.513440 0.030209 0.069440 44.1400 0.5121838013460199
0 0.491952 0.509920 0.024420 0.047467 58.7600 0.6818287305639359
0 0.467186 0.501213 0.029767 0.042320 73.9600 0.8582037595729867
2 0.433023 0.500867 0.012552 0.047920 67.0800 0.7783708517057321
