0 0.819907 0.765387 0.358575 0.463893 5.1100 0.0592944998839638
0 0.152347 0.774827 0.304694 0.445013 6.1600 0.07147830122998375
0 0.290632 0.675560 0.131651 0.303227 11.6000 0.13460199582269666
0 0.355302 0.624040 0.088945 0.198800 16.3400 0.18960315618472962
0 0.664308 0.659253 0.155282 0.320267 11.3800 0.13204919935019727
0 0.603708 0.592827 0.078092 0.194667 16.7400 0.19424460431654672
0 0.806067 0.509080 0.119815 0.173093 23.9800 0.27825481550243675
0 0.533345 0.531987 0.034936 0.081413 38.2400 0.44372244140171735
0 0.492327 0.527347 0.028084 0.053787 52.9800 0.6147598050591784
0 0.464569 0.515520 0.032762 0.046453 68.1400 0.7906706892550475
2 0.413514 0.515653 0.015837 0.055947 57.8300 0.671037363657461
