0 0.653833 0.627040 0.157424 0.389120 10.9600 0.1271756788117893
0 0.038213 0.750240 0.076425 0.494187 5.6700 0.06579252726850777
0 0.111329 0.705173 0.222657 0.416693 8.0200 0.09306103504293338
0 0.133945 0.648373 0.265958 0.302720 10.4900 0.12172197725690415
0 0.196723 0.601987 0.191047 0.241360 12.9900 0.1507310280807612
0 0.274992 0.545747 0.172544 0.230427 17.4400 0.20236713854722674
0 0.248080 0.582253 0.152166 0.226373 15.2000 0.1763750290090508
0 0.596578 0.580307 0.086023 0.191547 16.3200 0.18937108377813877
0 0.293241 0.535667 0.120443 0.194160 19.7100 0.2287073566952889
0 0.329795 0.531267 0.113808 0.142747 24.5500 0.28486887909027614
0 0.536715 0.516747 0.033929 0.088427 33.7900 0.39208633093525175
0 0.568527 0.547547 0.058341 0.150347 21.7800 0.25272685077744256
