0 0.169316 0.745053 0.250306 0.451227 8.6500 0.10037131585054537
0 0.568824 0.556227 0.063994 0.163387 20.1600 0.23392898584358318
0 0.249283 0.553173 0.111449 0.136640 22.3400 0.2592248781619865
0 0.640399 0.619400 0.108865 0.254800 12.7400 0.14783012299837547
0 0.552218 0.535213 0.043357 0.122907 26.5700 0.3083081921559526
0 0.389098 0.546920 0.048873 0.115440 26.9400 0.3126015316778835
0 0.406985 0.513640 0.038768 0.109467 32.5200 0.3773497331167324
0 0.715382 0.720907 0.206465 0.436427 8.4000 0.09747041076815967
0 0.423925 0.511147 0.030894 0.089920 38.3500 0.44499883963796705
0 0.440986 0.502720 0.017319 0.036800 73.0900 0.8481086098862844
