0 0.197146 0.756347 0.263615 0.481973 7.7600 0.09004409375725225
0 0.772210 0.734560 0.305902 0.525547 6.5300 0.07577164075191459
0 0.628007 0.602547 0.133921 0.268080 12.4000 0.14388489208633093
0 0.325596 0.627320 0.124718 0.247813 13.5300 0.1569969830587143
0 0.367488 0.568747 0.066006 0.164800 19.0500 0.22104896727779066
0 0.397166 0.541080 0.053768 0.124507 23.6400 0.2743095845903922
0 0.586695 0.548320 0.076594 0.171360 18.8200 0.21838013460199582
0 0.566280 0.519533 0.050564 0.128507 24.0800 0.279415177535391
0 0.727516 0.461787 0.085419 0.131947 31.4000 0.3643536783476444
0 0.524940 0.491360 0.029074 0.066987 45.6200 0.5293571594337433
0 0.489312 0.486853 0.023454 0.046080 60.2600 0.6992341610582501
0 0.465278 0.480533 0.029171 0.040747 75.5200 0.8763054072870734
2 0.435833 0.481973 0.012424 0.046240 69.3200 0.8043629612439079
