0 0.490475 0.509347 0.019018 0.059920 51.9900 0.6032722209329311
0 0.835286 0.769040 0.327818 0.456587 4.5800 0.0531445811093061
0 0.682786 0.682093 0.176522 0.382053 9.6100 0.11151079136690646
0 0.453490 0.517893 0.022681 0.062560 47.0900 0.5464144813181713
0 0.583394 0.567147 0.062327 0.160587 19.9300 0.23126015316778833
0 0.560572 0.543027 0.052882 0.141893 24.4100 0.2832443722441402
0 0.533816 0.512773 0.030821 0.081067 37.9600 0.4404734277094453
0 0.368736 0.516093 0.042254 0.052827 57.9200 0.67208168948712
0 0.312725 0.520680 0.047528 0.055120 57.8600 0.6713854722673473
1 0.592013 0.510360 0.014219 0.130373 27.2400 0.3160826177767463
