0 0.495471 0.526667 0.038333 0.120107 27.1000 0.3144581109306103
0 0.890837 0.743653 0.216715 0.507360 5.9800 0.06938964957066605
0 0.359650 0.537947 0.045676 0.090560 31.9800 0.3710837781387793
0 0.645978 0.550067 0.129718 0.192827 16.7900 0.1948247853330239
0 0.591171 0.530053 0.093035 0.126293 23.4200 0.2717567881178928
0 0.343269 0.511907 0.038422 0.077733 43.9500 0.5099791134834069
0 0.363112 0.499773 0.030378 0.065147 50.5800 0.5869111162682756
0 0.407041 0.494907 0.020137 0.039733 73.5000 0.852866094221397
0 0.319098 0.503280 0.024058 0.056800 51.5900 0.598630772801114
0 0.139416 0.510760 0.031441 0.064187 46.7400 0.5423532142028312
