0 0.312166 0.723040 0.233494 0.466773 8.6100 0.09990717103736364
0 0.852987 0.767173 0.292415 0.460320 3.4100 0.039568345323741004
0 0.754767 0.735467 0.230209 0.502880 7.8400 0.09097238338361568
0 0.965314 0.494147 0.067762 0.224720 15.9500 0.1850777442562079
0 0.393514 0.574880 0.079654 0.185333 17.6200 0.20445579020654445
0 0.428100 0.547920 0.066506 0.139733 22.7800 0.2643304711069854
0 0.718048 0.505733 0.071763 0.112160 27.6300 0.320608029705268
0 0.692979 0.501813 0.061353 0.103733 30.2700 0.35124158737526107
0 0.587315 0.527307 0.043229 0.112907 29.0800 0.33743327918310506
0 0.466320 0.510960 0.039485 0.095200 34.0500 0.3951032722209329
0 0.628732 0.476653 0.048833 0.071387 47.8600 0.5553492689719192
