1 0.660165 0.688600 0.066079 0.575120 6.5400 0.07588767695521002
1 0.809601 0.558133 0.049364 0.482773 8.5100 0.09874680900440937
1 0.915125 0.574320 0.037013 0.454933 8.1900 0.09503365049895567
1 0.414147 0.543587 0.017617 0.201413 17.3500 0.20132281271756788
1 0.394489 0.544693 0.019654 0.190400 17.3500 0.20132281271756788
1 0.465809 0.530733 0.018704 0.181947 19.1400 0.22209329310744952
1 0.486292 0.504400 0.014791 0.137120 26.9800 0.3130656764910652
1 0.501051 0.528240 0.015097 0.174400 19.0000 0.2204687862613135
1 0.558466 0.500173 0.015225 0.153413 23.0400 0.26734741239266646
0 0.436993 0.483613 0.024243 0.062213 50.9100 0.5907403109770247
1 0.398631 0.527067 0.032480 0.174613 20.3500 0.23613367370619634
1 0.517907 0.520533 0.014444 0.157600 20.8900 0.24239962868414944
