0 0.639211 0.480547 0.120274 0.141307 25.0400 0.2905546530517521
0 0.958148 0.424907 0.082093 0.110987 28.5800 0.3316314690183337
0 0.992717 0.423173 0.012955 0.125547 24.6000 0.2854490601067533
0 0.846304 0.431200 0.078180 0.079733 38.4900 0.446623346484103
0 0.826212 0.433880 0.075676 0.075173 40.9700 0.4754003249013692
0 0.423349 0.512760 0.035217 0.093787 34.8200 0.4040380598746809
0 0.477319 0.485920 0.023671 0.061813 54.0800 0.6275237874216755
0 0.647428 0.448640 0.069799 0.088640 43.2600 0.5019726154560222
0 0.725600 0.435453 0.034179 0.069680 52.4000 0.6080297052680436
0 0.753426 0.435720 0.038607 0.063920 52.6500 0.6109306103504293
0 0.546812 0.475973 0.025330 0.057653 52.7400 0.6119749361800881
