0 0.487363 0.529453 0.045612 0.122800 23.3500 0.27094453469482477
0 0.092959 0.678893 0.185918 0.636880 5.4900 0.06370387560919007
0 0.276127 0.605160 0.166779 0.261840 12.4400 0.14434903689951262
0 0.306574 0.566253 0.138994 0.205467 15.7900 0.18322116500348107
0 0.362198 0.529747 0.087150 0.123387 23.5800 0.2736133673706196
0 0.393370 0.511613 0.072488 0.103227 29.5100 0.34242283592480854
0 0.639907 0.586480 0.107061 0.216427 15.3800 0.1784636806683685
0 0.552846 0.514947 0.037254 0.088347 32.9800 0.38268739846832206
0 0.487725 0.500267 0.029090 0.087893 35.3600 0.41030401485263396
0 0.238829 0.499627 0.056417 0.078667 34.3800 0.39893246692968204
