0 0.062733 0.740627 0.125467 0.471387 6.7500 0.07832443722441401
0 0.860475 0.669427 0.277440 0.351920 9.1500 0.10617312601531677
0 0.156208 0.623227 0.259919 0.287893 11.4900 0.13332559758644696
0 0.529215 0.512800 0.026208 0.062400 43.2700 0.5020886516593177
0 0.394803 0.513893 0.071296 0.086453 36.8600 0.4277094453469482
0 0.614698 0.530920 0.086208 0.106480 28.7000 0.3330239034578788
0 0.336514 0.536320 0.111852 0.153920 23.5600 0.27338129496402874
0 0.314291 0.575080 0.135491 0.164987 18.5800 0.21559526572290552
0 0.243064 0.599987 0.199976 0.231707 13.8600 0.16082617776746344
0 0.694050 0.565760 0.124686 0.168373 19.0700 0.2212810396843815
0 0.726397 0.593227 0.144291 0.176960 16.7500 0.19436064051984217
