0 0.476079 0.533547 0.039195 0.105387 26.9800 0.3130656764910652
0 0.136421 0.661853 0.179332 0.313840 10.4600 0.12137386864701787
0 0.337677 0.682387 0.145580 0.327493 9.9200 0.11510791366906474
0 0.394082 0.603293 0.087520 0.217200 14.9400 0.17335808772336966
0 0.311337 0.547493 0.113156 0.160853 20.7400 0.240659085634718
1 0.905467 0.713827 0.103060 0.567013 5.8500 0.06788117892782547
0 0.544231 0.545720 0.046272 0.122427 24.9900 0.289974472035275
0 0.524932 0.524707 0.032440 0.084187 34.2500 0.39742399628684144
0 0.196997 0.523560 0.070113 0.097200 30.7300 0.35657925272685076
0 0.468253 0.515707 0.026989 0.081600 37.9800 0.44070550011603615
0 0.015705 0.564347 0.031409 0.163787 16.2400 0.1884427941517753
