0 0.865189 0.611093 0.268011 0.566080 6.9200 0.08029705268043628
0 0.310821 0.581333 0.092915 0.212107 16.6300 0.19296820608029702
0 0.365411 0.597507 0.126135 0.283760 13.5100 0.15676491065212345
0 0.730729 0.458653 0.125805 0.153413 25.3300 0.2939197029473195
0 0.822605 0.436160 0.062552 0.106133 34.6400 0.4019494082153632
0 0.858659 0.441613 0.070572 0.096187 35.0900 0.40717103736365745
0 0.356316 0.554920 0.068366 0.146640 22.8900 0.2656068693432351
0 0.552472 0.494880 0.038277 0.089760 34.6900 0.4025295892318403
0 0.498748 0.501987 0.026401 0.069520 46.0300 0.5341146437688559
0 0.469469 0.468960 0.028744 0.041493 79.7500 0.9253887212810397
