0 0.400539 0.514240 0.066812 0.077920 38.3600 0.4451148758412624
0 0.547250 0.517067 0.034630 0.096587 35.1900 0.40833139939661167
0 0.453482 0.530360 0.033808 0.088933 31.5400 0.36597818519378045
0 0.333804 0.541213 0.118543 0.134853 22.7500 0.26398236249709905
0 0.292617 0.580080 0.149936 0.187787 16.5400 0.19192388025063817
0 0.248325 0.592800 0.206828 0.241493 13.7800 0.1598978881411
0 0.144505 0.606000 0.222440 0.291573 11.1900 0.1298445114875841
0 0.126498 0.635693 0.252995 0.474960 8.5500 0.09921095381759108
0 0.605624 0.597920 0.081506 0.178560 16.5200 0.19169180784404732
0 0.752770 0.768733 0.272754 0.457200 7.4300 0.08621489904850313
