0 0.078434 0.789893 0.156868 0.414880 6.8600 0.07960083546066372
0 0.186691 0.690787 0.168535 0.303067 11.7300 0.13611046646553723
0 0.287826 0.615320 0.100725 0.186107 17.5700 0.20387560919006728
0 0.889614 0.492213 0.219163 0.256587 13.3900 0.15537247621257833
0 0.821232 0.480987 0.136667 0.221760 16.0000 0.18565792527268507
0 0.769368 0.480853 0.134807 0.188160 18.3200 0.2125783244372244
0 0.715741 0.489013 0.119291 0.152213 21.1300 0.2451844975632397
0 0.354263 0.565160 0.064452 0.124133 25.1500 0.2918310512880018
0 0.589767 0.550347 0.072496 0.164107 19.4000 0.22511023439313063
0 0.566425 0.529480 0.049259 0.133253 24.9500 0.28951032722209324
