0 0.482097 0.504867 0.027077 0.085307 37.0600 0.4300301694128568
0 0.488692 0.492733 0.023035 0.078480 45.9700 0.5334184265490832
1 0.840020 0.651307 0.056626 0.485173 6.9100 0.08018101647714086
0 0.665918 0.648627 0.161192 0.355813 10.1400 0.11766071014156416
0 0.589714 0.576667 0.073921 0.216533 15.4000 0.17869575307495938
0 0.537572 0.500387 0.034002 0.106800 33.7500 0.39162218612207006
0 0.101908 0.685160 0.193060 0.286000 11.8200 0.1371547922951961
0 0.220374 0.597693 0.115692 0.196933 17.3800 0.20167092132745415
0 0.303068 0.548013 0.068019 0.127707 25.0700 0.2909027616616384
0 0.517738 0.483840 0.017391 0.054773 58.4300 0.6779995358551868
