0 0.620709 0.498480 0.107037 0.126667 27.8400 0.323044789974472
0 0.929219 0.431920 0.108003 0.101760 31.5000 0.3655140403805987
0 0.967878 0.430613 0.062633 0.118400 27.3900 0.31782316082617773
0 0.990946 0.439933 0.016498 0.127707 24.8000 0.28776978417266186
0 0.815817 0.435467 0.071828 0.074133 41.3600 0.47992573682989087
0 0.801594 0.437853 0.069807 0.070107 43.8400 0.5087027152471572
0 0.424597 0.513933 0.032254 0.086213 37.7000 0.4374564864237642
0 0.476643 0.487973 0.022029 0.055307 60.1800 0.6983058714318867
0 0.709646 0.438853 0.031916 0.065813 55.3000 0.6416802042237177
0 0.736316 0.439640 0.035145 0.060293 55.6000 0.6451612903225806
0 0.540616 0.479227 0.023792 0.054667 55.5200 0.6442330006962173
