0 0.498390 0.526813 0.048132 0.129573 22.2200 0.25783244372244135
0 0.229948 0.670587 0.226272 0.371520 8.9800 0.1042005105592945
0 0.331055 0.550480 0.106200 0.183733 17.0000 0.1972615456022279
0 0.362468 0.535440 0.099750 0.150720 20.0200 0.2323044789974472
0 0.395705 0.505533 0.078688 0.102213 27.6800 0.32118821072174514
0 0.886224 0.756160 0.225942 0.482347 4.8400 0.05616152239498723
0 0.739448 0.660707 0.186997 0.330907 10.1100 0.11731260153167787
0 0.654328 0.554693 0.110266 0.248587 15.4200 0.17892782548155023
1 0.570000 0.505413 0.015024 0.113653 27.9300 0.32408911580413086
0 0.694706 0.507120 0.100491 0.127360 27.2700 0.3164307263866326
0 0.096703 0.597480 0.193406 0.259013 12.4000 0.14388489208633093
0 0.495081 0.490267 0.028502 0.086133 36.0500 0.4183105128800185
0 0.195008 0.554413 0.110145 0.189093 16.7200 0.19401253190995588
0 0.257931 0.535333 0.084042 0.143413 20.6400 0.23949872360176375
