0 0.406224 0.509307 0.063140 0.074187 40.2600 0.4671617544673938
0 0.545535 0.510387 0.032504 0.091333 37.0800 0.4302622418194476
0 0.456671 0.523627 0.031731 0.083253 33.4100 0.38767695521002543
0 0.347500 0.534400 0.108446 0.123947 24.6600 0.28614527732652584
0 0.315048 0.555440 0.133156 0.167573 18.4200 0.21373868647017868
0 0.279638 0.577413 0.178406 0.210507 15.6800 0.18194476676723137
0 0.196965 0.586853 0.184235 0.246560 13.1000 0.1520074263170109
0 0.153539 0.608907 0.283696 0.383733 10.4500 0.12125783244372243
0 0.593221 0.577400 0.070290 0.155707 18.4200 0.21373868647017868
0 0.690085 0.711427 0.189670 0.377040 9.3200 0.10814574147133905
