0 0.995906 0.760267 0.006578 0.474133 0.6500 0.007542353214202831
0 0.663502 0.669667 0.173124 0.362373 9.5700 0.11104664655372476
2 0.287460 0.639627 0.058060 0.332320 11.1300 0.12914829426781155
0 0.236316 0.666747 0.131425 0.263680 12.5700 0.14585750754235322
0 0.556860 0.580440 0.091385 0.224027 16.6200 0.19285216987700163
0 0.282729 0.601360 0.092222 0.191787 17.7800 0.20631236945927128
0 0.485866 0.543267 0.045097 0.109467 28.5500 0.3312833604084474
0 0.345370 0.546867 0.035572 0.087440 33.6900 0.39092596890229747
0 0.459787 0.529320 0.028929 0.078373 38.6000 0.4478997447203527
1 0.332275 0.515853 0.009750 0.083067 42.2600 0.4903689951264794
1 0.324086 0.529627 0.008671 0.083413 42.1000 0.4885124158737526
2 0.339050 0.620560 0.044573 0.264160 13.4500 0.15606869343235089
