0 0.495773 0.527213 0.038615 0.120987 26.9100 0.3122534230679972
0 0.924618 0.748053 0.149155 0.498560 4.9900 0.05790206544441866
0 0.349891 0.544187 0.050201 0.098507 29.6500 0.3440473427709445
0 0.655829 0.556280 0.136828 0.206587 15.8000 0.18333720120677652
0 0.595797 0.534240 0.097021 0.132640 22.4100 0.26003713158505454
0 0.580012 0.508187 0.068720 0.108960 30.2900 0.3514736597818519
0 0.545040 0.498147 0.052271 0.068133 44.2100 0.5129960547690879
0 0.340415 0.510747 0.039525 0.079520 43.0300 0.4993037827802274
0 0.361006 0.500760 0.031176 0.066533 49.5700 0.5751914597354374
0 0.406510 0.494093 0.020459 0.040293 72.4900 0.8411464376885587
0 0.315833 0.504253 0.024742 0.058000 50.5500 0.5865630076583893
0 0.132379 0.510240 0.031812 0.065600 45.7600 0.5309816662798793
