0 0.061912 0.749747 0.123824 0.495173 6.1800 0.0717103736365746
0 0.149336 0.600800 0.254114 0.364053 10.9900 0.12752378742167556
0 0.725254 0.758800 0.248317 0.477067 7.5800 0.08795544209793454
0 0.577528 0.573533 0.070982 0.193360 18.5100 0.21478301229983754
0 0.220990 0.613840 0.179388 0.234827 13.5600 0.15734509166860058
0 0.272834 0.590920 0.139452 0.192507 16.0800 0.18658621489904847
0 0.284976 0.573493 0.151820 0.177707 18.6800 0.2167556277558598
0 0.553575 0.551013 0.050580 0.118347 24.6100 0.2855650963100487
0 0.535471 0.528333 0.032874 0.099013 33.5700 0.38953353446275235
0 0.379924 0.521027 0.057303 0.105093 37.1300 0.4308424228359248
