0 0.538180 0.723040 0.158631 0.495627 7.9500 0.0922487816198654
0 0.968345 0.735867 0.061699 0.522933 3.9200 0.04548619169180784
0 0.628921 0.529933 0.099002 0.152187 21.4800 0.2492457646785797
0 0.584368 0.510827 0.059477 0.095787 32.3900 0.3758412624738918
0 0.564859 0.503707 0.053647 0.072373 39.0700 0.4533534462752378
0 0.406514 0.517267 0.034042 0.073253 40.2500 0.46704571826409835
0 0.108655 0.617680 0.153140 0.198667 15.9100 0.18461359944302622
0 0.468808 0.489320 0.022319 0.045893 66.5600 0.7723369691343699
0 0.313321 0.533587 0.058897 0.094693 32.4500 0.3765374796936644
0 0.343953 0.514653 0.039952 0.096133 38.5900 0.44778370851705734
0 0.385882 0.503987 0.035113 0.064773 48.9000 0.5674170341146437
0 0.430463 0.496653 0.032101 0.046160 61.9000 0.7182640983987003
0 0.219895 0.529173 0.062544 0.097333 30.8600 0.3580877233696913
0 0.210692 0.515933 0.066248 0.071973 42.0400 0.48781619865398
