0 0.495467 0.548467 0.043655 0.118747 24.3200 0.2822000464144813
0 0.144251 0.736573 0.234219 0.490533 7.4400 0.08633093525179857
0 0.314066 0.587133 0.137037 0.200827 15.1400 0.17567881178927824
0 0.345640 0.565813 0.105612 0.171840 18.1200 0.21025760037131586
0 0.378510 0.538667 0.079630 0.114080 25.7400 0.2986771872824321
1 0.620165 0.570067 0.025499 0.195707 16.4500 0.1908795544209793
0 0.863736 0.585493 0.200709 0.246240 14.7000 0.1705732188442794
0 0.493132 0.522467 0.027568 0.083280 37.2200 0.43188674866558363
0 0.034102 0.645200 0.068205 0.307787 8.5100 0.09874680900440937
0 0.156973 0.535093 0.095620 0.133920 25.1200 0.2914829426781156
0 0.218990 0.531560 0.059605 0.084880 30.8500 0.3579716871663959
