0 0.314843 0.625867 0.143905 0.299307 11.4900 0.13332559758644696
2 0.957190 0.456267 0.055024 0.242987 13.7700 0.1597818519378046
2 0.880507 0.452693 0.067939 0.186880 19.3300 0.22429798097006262
1 0.475467 0.513187 0.027198 0.193360 18.2900 0.21223021582733811
2 0.680789 0.461853 0.037391 0.111173 29.7200 0.3448595961940125
1 0.332593 0.526333 0.023027 0.220720 15.7900 0.18322116500348107
2 0.713305 0.462653 0.023599 0.128080 26.3000 0.30517521466697606
1 0.162170 0.555000 0.028784 0.163227 20.2400 0.23485727546994659
1 0.146719 0.562307 0.025129 0.157893 19.7100 0.2287073566952889
2 0.264030 0.550147 0.068446 0.205413 16.3800 0.19006730099791133
1 0.178704 0.554760 0.025201 0.164187 18.8300 0.2184961708052912
1 0.151135 0.562840 0.032754 0.205840 17.0100 0.19737758180552334
1 0.254960 0.537680 0.018567 0.202880 18.4800 0.21443490368995125
0 0.960089 0.414067 0.049227 0.111867 27.3300 0.31712694360640514
0 0.898853 0.445280 0.109235 0.095360 27.2100 0.31573450916686
