0 0.500423 0.518800 0.048752 0.131253 21.9500 0.2546994662334648
0 0.268478 0.617920 0.195443 0.303360 10.5400 0.12230215827338127
0 0.347025 0.528947 0.097673 0.166267 18.6100 0.21594337433279182
0 0.373595 0.516507 0.093116 0.138667 21.6000 0.25063819911812485
0 0.402182 0.492973 0.074267 0.096293 29.2700 0.33963796704571825
0 0.860213 0.747413 0.277963 0.499840 6.4100 0.07437920631236945
0 0.704742 0.614653 0.150097 0.271387 11.7100 0.1358783940589464
0 0.639573 0.529147 0.096602 0.222400 17.0000 0.1972615456022279
1 0.568446 0.492533 0.015572 0.107787 29.4200 0.3413785100951497
0 0.684750 0.491133 0.094718 0.120187 28.7900 0.33406822928753765
0 0.050189 0.629733 0.100378 0.320160 8.5600 0.09932699002088652
0 0.145036 0.564587 0.162681 0.225280 14.0100 0.16256672081689486
0 0.496735 0.478760 0.028849 0.087173 35.6500 0.41366906474820136
0 0.224086 0.526920 0.094919 0.170107 18.3800 0.21327454165699694
0 0.274259 0.505547 0.077826 0.132587 22.1900 0.2574843351125551
