0 0.496848 0.521360 0.035097 0.109920 29.4300 0.3414945462984451
0 0.920032 0.718947 0.158325 0.556773 5.4800 0.06358783940589464
0 0.769364 0.676107 0.212013 0.405760 8.8200 0.10234393130656765
0 0.683800 0.598053 0.158470 0.297920 12.2700 0.14237642144349036
0 0.650382 0.565000 0.136433 0.205680 15.8700 0.1841494546298445
0 0.622033 0.538640 0.114597 0.177867 19.4500 0.22569041540960777
0 0.593849 0.519933 0.085620 0.110000 26.7200 0.31004873520538406
0 0.409940 0.513493 0.025548 0.060907 46.0600 0.5344627523787422
0 0.563986 0.501773 0.062319 0.080987 37.4300 0.4343235089347876
0 0.546510 0.496547 0.050845 0.063920 44.2100 0.5129960547690879
0 0.392886 0.494213 0.022858 0.052053 64.5500 0.7490136922719888
0 0.371248 0.492320 0.015105 0.040053 72.5100 0.8413785100951496
