0 0.138168 0.749720 0.271006 0.444667 8.5300 0.09897888141100021
0 0.904903 0.771893 0.188583 0.450880 3.5200 0.040844743559990716
0 0.279622 0.629733 0.138615 0.239893 13.9100 0.16140635878394058
0 0.753498 0.711667 0.238559 0.443653 8.7400 0.10141564168020421
0 0.402339 0.531040 0.043551 0.100693 29.6800 0.3443954513808308
0 0.649030 0.607120 0.111570 0.245387 13.7600 0.15966581573450916
0 0.608740 0.567160 0.068977 0.167813 19.2900 0.2238338361568809
0 0.585588 0.545480 0.055105 0.126480 24.8800 0.28869807379902523
0 0.417935 0.525693 0.038865 0.089413 34.3600 0.39870039452309114
0 0.576397 0.525787 0.040668 0.101600 30.3500 0.3521698770016245
