1 0.476308 0.555693 0.025499 0.234053 14.6900 0.17045718264098397
1 0.537444 0.539707 0.030330 0.243200 14.8400 0.1721977256904154
1 0.270072 0.547880 0.024155 0.212667 16.7600 0.19447667672313762
1 0.508949 0.558400 0.024694 0.237547 14.3500 0.1665119517289394
1 0.644791 0.639320 0.085072 0.515067 7.0800 0.08215363193316313
1 0.965354 0.590173 0.060386 0.466693 7.5400 0.08749129728475284
1 0.577158 0.545347 0.023349 0.262853 13.4000 0.15548851241587375
1 0.727411 0.623667 0.059316 0.414107 7.9600 0.09236481782316082
0 0.372617 0.568907 0.125443 0.297973 13.9800 0.1622186122070086
0 0.340990 0.511840 0.081369 0.217387 21.1000 0.24483638895335344
