0 0.482166 0.563573 0.047681 0.131360 22.4000 0.25992109538175906
0 0.144960 0.678440 0.171159 0.335227 10.4200 0.12090972383383615
0 0.290978 0.769187 0.210652 0.425680 8.2100 0.09526572290554654
0 0.368309 0.633893 0.092415 0.250453 13.5900 0.15769320027848688
0 0.392685 0.591480 0.067850 0.167600 18.4400 0.21397075887676956
0 0.314195 0.580787 0.094219 0.144667 20.2200 0.23462520306335574
0 0.441679 0.531533 0.025918 0.065840 41.3200 0.4794615920167092
0 0.841151 0.769427 0.316087 0.455813 3.9200 0.04548619169180784
0 0.688861 0.748320 0.204984 0.417280 8.7600 0.10164771408679507
0 0.600451 0.605800 0.089195 0.233947 14.7600 0.17126943606405196
0 0.526284 0.540947 0.035628 0.088613 32.7400 0.3799025295892318
0 0.208092 0.541520 0.065330 0.088907 32.3800 0.3757252262705964
0 0.477194 0.537920 0.030024 0.092000 34.3200 0.39823624970990945
0 0.088096 0.572200 0.104533 0.131760 22.5700 0.26189371083778135
