0 0.152701 0.755547 0.305403 0.483573 6.7200 0.07797632861452772
0 0.927979 0.554200 0.142432 0.278907 12.1100 0.1405198421907635
0 0.835986 0.533667 0.118317 0.226747 14.6500 0.16999303782780226
0 0.789259 0.519813 0.112110 0.181920 17.8800 0.20747273149222556
0 0.751510 0.511320 0.105709 0.163547 20.6500 0.23961475980505914
0 0.725419 0.516013 0.102802 0.131120 23.6800 0.27477372940357386
0 0.631055 0.598773 0.110290 0.273227 13.1500 0.15258760733348803
0 0.591546 0.561120 0.065282 0.154347 19.0800 0.22139707588767693
0 0.374903 0.569893 0.087488 0.193760 17.7200 0.2056161522394987
0 0.639626 0.483573 0.074018 0.106453 32.3500 0.37537711766071014
0 0.442037 0.519453 0.036570 0.096347 34.4000 0.3991645393362729
0 0.449340 0.499667 0.050773 0.060453 56.9600 0.6609422139707588
