0 0.496079 0.548613 0.043285 0.117813 24.5200 0.2845207704803899
0 0.097428 0.748640 0.194855 0.497387 5.8300 0.06764910652123463
0 0.294726 0.599840 0.150966 0.228960 13.5100 0.15676491065212345
0 0.331932 0.572267 0.115330 0.190613 16.5000 0.19145973543745648
0 0.371272 0.544453 0.084783 0.122507 24.1200 0.27987932234857277
1 0.633994 0.583520 0.025765 0.215413 14.9900 0.17393826873984683
0 0.898056 0.609067 0.202279 0.280000 13.0300 0.15119517289394288
0 0.493418 0.519440 0.027271 0.082400 37.6000 0.4362961243908099
0 0.133317 0.531880 0.106490 0.144080 23.5000 0.2726850777442562
0 0.202899 0.528533 0.064863 0.089547 29.1300 0.3380134601995822
1 0.224730 0.510427 0.011538 0.108533 32.3600 0.37549315386400556
