0 0.933180 0.560360 0.103043 0.136827 24.4900 0.28417266187050355
0 0.881437 0.555347 0.100556 0.130053 23.7500 0.2755859828266419
0 0.813808 0.554840 0.093333 0.140080 24.2300 0.28115572058482247
0 0.498861 0.500560 0.027480 0.080853 36.8300 0.4273613367370619
1 0.161614 0.468893 0.013277 0.125840 30.2000 0.35042933395219306
1 0.238023 0.491187 0.019283 0.145413 25.0900 0.29113483406822926
2 0.449622 0.495240 0.027681 0.154533 26.4700 0.30714783012299834
1 0.210229 0.470453 0.013164 0.118720 31.2200 0.3622650266883267
1 0.306747 0.548800 0.033269 0.256960 14.5500 0.16883267579484798
1 0.332331 0.543480 0.027045 0.246267 15.1000 0.17521466697609653
1 0.360624 0.554200 0.055918 0.267173 14.0400 0.16291482942678112
1 0.495411 0.593000 0.048824 0.361093 10.5400 0.12230215827338127
1 0.532693 0.578720 0.042601 0.314987 11.2900 0.13100487352053838
1 0.358945 0.593107 0.037907 0.335227 10.9900 0.12752378742167556
1 0.393394 0.578813 0.051135 0.318800 11.5300 0.13378974239962865
1 0.424066 0.576667 0.035056 0.278613 12.1300 0.14075191459735437
1 0.310242 0.560307 0.029114 0.280560 13.0300 0.15119517289394288
