1 0.241192 0.495693 0.016908 0.150800 23.3000 0.27036435367834766
1 0.324750 0.484080 0.012882 0.103947 32.7000 0.37943838477605013
1 0.065258 0.528707 0.037037 0.271387 13.3000 0.15432815038291947
1 0.239187 0.466200 0.012077 0.107013 34.5400 0.40078904618240885
0 0.462432 0.478253 0.019275 0.048773 58.4600 0.678347644465073
0 0.817105 0.546653 0.087158 0.128507 23.9700 0.27813877929914127
0 0.881236 0.550013 0.097367 0.123013 23.8600 0.27686238106289157
0 0.934151 0.551707 0.101103 0.124587 24.4900 0.28417266187050355
1 0.032701 0.530667 0.030395 0.250773 13.3300 0.15467625899280574
1 0.264541 0.468827 0.011272 0.114187 33.7300 0.39139011371547916
1 0.250189 0.473893 0.009122 0.100533 33.5600 0.38941749825945693
1 0.117178 0.529920 0.027915 0.234560 14.4600 0.16778834996518913
1 0.074392 0.516947 0.024694 0.239013 15.3100 0.17765142724530053
1 0.592955 0.630867 0.060386 0.395387 8.4000 0.09747041076815967
1 0.742375 0.592760 0.063607 0.402267 9.3100 0.10802970526804363
2 0.382750 0.496080 0.014565 0.112000 31.1500 0.3614527732652587
1 0.052061 0.520093 0.020934 0.206480 15.3000 0.1775353910420051
1 0.014066 0.513400 0.028132 0.231173 15.0400 0.17451844975632394
0 0.498861 0.495453 0.029042 0.075227 37.7000 0.4374564864237642
1 0.226413 0.460733 0.007786 0.094160 38.4100 0.4456950568577395
1 0.181481 0.467213 0.008052 0.117040 30.9300 0.3588999767927593
1 0.912681 0.523053 0.009130 0.096240 35.8800 0.4163378974239963
