0 0.109388 0.768827 0.218776 0.457013 6.5200 0.07565560454861915
0 0.996389 0.791773 0.005612 0.411120 1.5500 0.017985611510791366
0 0.237593 0.660467 0.177214 0.292987 11.8500 0.13750290090508238
0 0.832126 0.748493 0.334138 0.497680 6.7400 0.07820840102111859
0 0.393213 0.533347 0.046634 0.108560 27.6400 0.32072406590856345
0 0.675358 0.634560 0.138913 0.295467 11.7500 0.1363425388721281
0 0.621159 0.572707 0.079952 0.189147 17.2700 0.20039452309120442
0 0.592162 0.547227 0.060813 0.138560 22.8500 0.2651427245300534
0 0.411006 0.523147 0.041804 0.095200 32.3400 0.3752610814574147
0 0.579783 0.527813 0.043833 0.109173 28.3600 0.3290786725458343
