0 0.493313 0.579613 0.077995 0.244293 14.2500 0.16535158969598512
0 0.925121 0.716933 0.148148 0.560800 5.0500 0.058598282664191224
0 0.782725 0.675947 0.210717 0.408267 8.8200 0.10234393130656765
0 0.695745 0.587320 0.185258 0.288933 12.1900 0.14144813181712693
0 0.661333 0.561427 0.130668 0.191547 15.7700 0.18298909259689022
0 0.058249 0.618960 0.116498 0.274560 11.7600 0.13645857507542353
0 0.133297 0.562987 0.131731 0.207573 16.9700 0.1969134369923416
1 0.560942 0.513987 0.013382 0.116827 27.5300 0.31944766767231375
1 0.013442 0.541427 0.017834 0.203600 17.2500 0.20016245068461358
1 0.747975 0.483400 0.008011 0.108773 32.2400 0.37410071942446044
1 0.745322 0.476627 0.005185 0.079493 43.8000 0.5082385704339754
