0 0.932806 0.558147 0.103792 0.136613 24.4600 0.2838245532606173
0 0.881397 0.555547 0.100008 0.130027 23.7600 0.27570201902993735
0 0.813897 0.554520 0.093269 0.140027 24.2300 0.28115572058482247
0 0.498808 0.500867 0.027424 0.080880 36.8300 0.4273613367370619
2 0.498816 0.588693 0.073398 0.308107 11.6500 0.13518217683917383
2 0.547424 0.564120 0.080692 0.294693 12.7700 0.14817823160826177
2 0.364279 0.516693 0.024163 0.137547 24.7700 0.28742167556277554
1 0.153909 0.460627 0.012343 0.126587 30.0600 0.34880482710605704
1 0.046808 0.522853 0.035902 0.273440 13.6400 0.15827338129496402
1 0.184928 0.491427 0.020467 0.160240 23.1200 0.26827570201902995
1 0.162210 0.482573 0.018317 0.162907 22.8800 0.26549083313993965
1 0.615805 0.622360 0.050741 0.444027 8.7000 0.1009514968670225
1 0.644706 0.608413 0.049605 0.415653 9.2200 0.10698537943838478
1 0.729823 0.614907 0.065974 0.482667 8.0800 0.09375725226270595
1 0.728849 0.659747 0.071755 0.544400 7.0200 0.08145741471339056
