0 0.434851 0.513613 0.020556 0.060400 48.9600 0.5681132513344163
0 0.198192 0.515920 0.048060 0.082507 42.3600 0.4915293571594337
0 0.234952 0.515067 0.040692 0.063573 48.9400 0.5678811789278254
0 0.853031 0.567187 0.079750 0.093573 37.0100 0.4294499883963796
0 0.265648 0.514387 0.033680 0.057840 53.8100 0.624390809932699
0 0.449481 0.502840 0.017399 0.046160 61.6900 0.7158273381294963
0 0.477456 0.546413 0.041707 0.137627 25.1600 0.2919470874912973
0 0.146107 0.524680 0.065032 0.083867 36.0000 0.4177303318635414
2 0.717999 0.557733 0.021957 0.116693 28.1900 0.327106057089812
0 0.923015 0.567747 0.066304 0.086160 37.7900 0.438500812253423
