0 0.950922 0.775600 0.096546 0.443467 2.0300 0.023555349268971914
0 0.352303 0.589760 0.144847 0.411893 10.8400 0.12578324437224414
0 0.651409 0.608080 0.112754 0.219200 14.6400 0.16987700162450683
0 0.788877 0.735027 0.245225 0.455173 8.7500 0.10153167788349965
0 0.456051 0.494987 0.031779 0.096373 32.4700 0.37676955210025526
0 0.405809 0.551133 0.075177 0.200880 16.4500 0.1908795544209793
0 0.622766 0.557493 0.068591 0.162880 19.6200 0.22766303086563008
0 0.590612 0.523947 0.049404 0.115680 26.3900 0.3062195404966349
0 0.573317 0.518893 0.040548 0.097840 31.1600 0.3615688094685542
0 0.562701 0.499280 0.032472 0.077547 37.1200 0.4307263866326293
