0 0.087073 0.773667 0.174147 0.447333 1.4700 0.01705732188442794
0 0.183953 0.757787 0.363253 0.479093 6.3200 0.0733348804827106
0 0.565395 0.546053 0.069130 0.162080 19.9700 0.23172429798097002
0 0.820958 0.753587 0.356473 0.487493 4.1300 0.04792295196101183
0 0.301775 0.658133 0.152327 0.322400 11.0800 0.1285681132513344
1 0.225982 0.614333 0.033575 0.363067 9.9400 0.11533998607565558
1 0.263490 0.583707 0.018897 0.277493 12.7600 0.14806219540496635
0 0.438337 0.518093 0.033019 0.098853 33.4300 0.38790902761661633
0 0.532983 0.510227 0.039702 0.102213 32.2900 0.37468090044093755
1 0.269074 0.608760 0.020966 0.285733 12.2500 0.14214434903689951
0 0.515020 0.486813 0.021828 0.074907 49.6000 0.5755395683453237
