1 0.015072 0.516267 0.013688 0.114133 27.4900 0.318983522859132
1 0.046035 0.510373 0.019863 0.106080 31.0800 0.3606405198421907
1 0.153929 0.506507 0.021337 0.125493 28.0400 0.32536551404038055
1 0.462951 0.487613 0.010201 0.091013 39.9000 0.46298445114875836
0 0.438180 0.472173 0.039678 0.103280 43.4100 0.5037131585054536
0 0.466349 0.481320 0.040862 0.077680 45.4100 0.5269203991645393
0 0.505709 0.480907 0.048969 0.068107 46.1900 0.5359712230215826
0 0.640193 0.470347 0.037939 0.060480 50.6500 0.5877233696913436
0 0.673571 0.469787 0.042037 0.064533 52.2900 0.6067533070317939
0 0.764919 0.474947 0.049501 0.052080 56.9700 0.6610582501740543
