0 0.138808 0.785280 0.277617 0.424107 3.8100 0.04420979345555813
0 0.285926 0.738467 0.214493 0.443973 8.7000 0.1009514968670225
0 0.757581 0.718533 0.204630 0.506453 8.0000 0.09282896263634254
0 0.399553 0.557053 0.068623 0.194747 18.5500 0.21524715711301926
0 0.420185 0.549173 0.069291 0.134773 23.4800 0.2724530053376653
0 0.571381 0.462827 0.054147 0.059573 53.6100 0.6220700858667904
0 0.708031 0.612267 0.105966 0.279467 12.2400 0.14202831283360406
0 0.746010 0.546027 0.102665 0.213707 16.1600 0.1875145045254119
0 0.662202 0.501093 0.107206 0.132427 27.6000 0.32025992109538176
0 0.948221 0.515240 0.101948 0.158373 20.4600 0.23741007194244604
0 0.858345 0.487187 0.088205 0.098000 29.7300 0.34497563239730794
