0 0.607053 0.607253 0.088744 0.203680 15.2800 0.17730331863541424
0 0.073776 0.656973 0.147552 0.351280 10.4700 0.1214899048503133
0 0.272846 0.672373 0.169493 0.335733 10.5800 0.122766303086563
0 0.381316 0.562933 0.064871 0.158347 20.8900 0.24239962868414944
0 0.545310 0.536107 0.041200 0.101600 30.0400 0.3485727546994662
0 0.257629 0.572747 0.085773 0.153760 20.3500 0.23613367370619634
0 0.408639 0.542920 0.044251 0.106000 29.2800 0.33975400324901367
0 0.330910 0.541227 0.049356 0.096320 30.5600 0.3546066372708285
0 0.367931 0.528840 0.033494 0.072880 40.0700 0.46495706660478064
0 0.436868 0.517707 0.021433 0.053600 51.6600 0.5994430262241819
0 0.483031 0.512387 0.019557 0.060933 52.1900 0.6055929449988395
0 0.512315 0.510173 0.016288 0.048880 59.0600 0.6853098166627988
0 0.503172 0.507347 0.014879 0.042800 69.9700 0.8119053144581109
