0 0.302250 0.715293 0.189412 0.454747 8.8600 0.10280807611974935
0 0.983378 0.867840 0.031634 0.258987 0.7600 0.008818751450452541
0 0.737186 0.749280 0.251892 0.496107 6.9800 0.08099326990020886
0 0.606035 0.651813 0.114630 0.291040 12.3600 0.1434207472731492
0 0.372448 0.608547 0.085298 0.242800 14.1700 0.16442330006962172
0 0.397701 0.576640 0.065242 0.161973 19.3200 0.22418194476676723
0 0.566131 0.574707 0.068414 0.174107 19.0800 0.22139707588767693
0 0.539143 0.553307 0.049976 0.131520 24.0300 0.2788349965189139
0 0.434823 0.530973 0.033671 0.093093 34.4600 0.39986075655604547
0 0.449372 0.509507 0.029436 0.097413 40.0900 0.46518913901137154
0 0.461429 0.510320 0.026997 0.080747 46.0300 0.5341146437688559
