1 0.700000 0.670693 0.089758 0.626613 4.7700 0.05534926897191923
1 0.671324 0.682040 0.108543 0.603920 4.1600 0.04827106057089812
1 0.397347 0.634547 0.064791 0.523920 6.6300 0.07693200278486888
1 0.319762 0.633987 0.071763 0.607760 6.0100 0.06973775818055232
1 0.735378 0.696293 0.099758 0.575413 5.2200 0.0605708981202135
1 0.433776 0.477427 0.018647 0.182053 17.8000 0.20654444186586213
1 0.429984 0.442680 0.019275 0.171707 21.8700 0.2537711766071014
1 0.443744 0.457720 0.010741 0.151173 21.6700 0.25145045254119286
1 0.474738 0.458933 0.014694 0.143787 21.2500 0.24657693200278485
2 0.341473 0.445440 0.040886 0.145920 24.4800 0.28405662566720813
