0 0.518615 0.597027 0.070161 0.221040 15.6500 0.18159665815734508
0 0.642110 0.554853 0.110000 0.174453 19.1200 0.22186122070085867
0 0.589102 0.533653 0.064195 0.105867 29.8800 0.3467161754467393
0 0.568084 0.523947 0.056973 0.078667 36.6200 0.4249245764678579
0 0.069577 0.665000 0.139155 0.242693 13.7000 0.15896959851473658
0 0.393663 0.536987 0.040870 0.088427 36.1200 0.4191227663030865
0 0.449734 0.514467 0.025862 0.060933 53.0400 0.615456022278951
0 0.479291 0.503147 0.018116 0.046507 69.2800 0.8038988164307264
0 0.295769 0.559013 0.065306 0.106293 30.0000 0.3481086098862845
0 0.331510 0.536480 0.044565 0.103307 36.1900 0.4199350197261545
0 0.376940 0.523267 0.036554 0.069093 46.5700 0.540380598746809
0 0.424030 0.515613 0.033776 0.049413 59.2100 0.6870503597122302
0 0.193961 0.553493 0.069710 0.108053 28.4700 0.330355070782084
0 0.184098 0.535653 0.073510 0.079573 39.0800 0.45346948247853325
