0 0.418514 0.525427 0.030572 0.085147 35.1700 0.4080993269900209
0 0.153269 0.516893 0.061143 0.097253 36.2400 0.4205152007426317
0 0.203462 0.506520 0.048873 0.072453 43.0300 0.4993037827802274
0 0.929919 0.581933 0.098357 0.113093 30.8500 0.3579716871663959
0 0.242496 0.511067 0.040306 0.064693 48.0000 0.5569737758180552
0 0.445894 0.503733 0.020161 0.051947 55.0800 0.6391274077512183
0 0.481155 0.539587 0.040636 0.134107 25.7600 0.298909259689023
0 0.080656 0.533893 0.086063 0.102027 29.9600 0.3476444650731028
2 0.747391 0.567640 0.025910 0.130533 25.3300 0.2939197029473195
0 0.985898 0.581227 0.026594 0.101600 31.5800 0.36644233000696214
