0 0.246119 0.744920 0.203414 0.432613 9.1900 0.10663727082849847
0 0.877492 0.755627 0.243406 0.483413 3.2700 0.03794383847760501
0 0.710511 0.729000 0.224227 0.475760 7.9400 0.09213274541656996
0 0.609509 0.603987 0.113527 0.234693 13.9300 0.16163843119053142
0 0.338788 0.632907 0.107593 0.225920 14.9500 0.17347412392666509
0 0.374907 0.579800 0.058800 0.154587 20.5700 0.23868647017869574
0 0.399585 0.560133 0.050089 0.120053 25.0500 0.2906706892550476
0 0.577283 0.566160 0.069509 0.158933 20.2600 0.23508934787653749
0 0.558623 0.540880 0.046973 0.120693 25.5400 0.29635646321652354
0 0.714557 0.486240 0.080564 0.125280 32.9000 0.3817591088419586
0 0.521236 0.509200 0.028188 0.065387 46.7700 0.5427013228127175
0 0.463257 0.504107 0.028752 0.040907 76.6900 0.8898816430726386
2 0.438676 0.502067 0.012874 0.044987 71.5500 0.8302390345787884
