0 0.491002 0.508373 0.019058 0.060053 51.8800 0.6019958226966814
0 0.853442 0.773120 0.291506 0.448427 3.5200 0.040844743559990716
0 0.711159 0.713280 0.210853 0.444267 8.5300 0.09897888141100021
0 0.452428 0.516480 0.023760 0.065227 45.1000 0.523323276862381
0 0.589308 0.569733 0.067021 0.170240 18.8600 0.2188442794151775
0 0.564448 0.544360 0.055950 0.148987 23.3400 0.27082849849152935
0 0.535560 0.516200 0.031860 0.083547 36.8900 0.4280575539568345
0 0.366828 0.515867 0.043108 0.053813 56.8600 0.6597818519378046
0 0.309831 0.520293 0.048502 0.056160 56.7900 0.6589695985147366
1 0.595845 0.509800 0.014638 0.134907 26.3400 0.3056393594801578
