0 0.248007 0.676053 0.160797 0.333493 11.7000 0.13576235785565094
0 0.145024 0.752200 0.290048 0.490267 2.7800 0.032258064516129024
0 0.809259 0.453280 0.166989 0.196320 20.0000 0.23207240659085632
0 0.899642 0.440413 0.083760 0.127333 29.1600 0.33836156880946855
0 0.943756 0.439707 0.094662 0.115840 29.4800 0.3420747273149222
0 0.376341 0.564987 0.060201 0.130187 23.7500 0.2755859828266419
0 0.334505 0.592627 0.094903 0.196773 17.9100 0.20782084010211185
0 0.577576 0.514560 0.046989 0.106667 29.5400 0.3427709445346948
0 0.401103 0.546347 0.043591 0.108373 29.8900 0.3468322116500348
0 0.513925 0.522253 0.029493 0.079067 40.8400 0.47389185425852864
0 0.587693 0.506507 0.077432 0.089920 33.6300 0.39022975168252494
0 0.511268 0.482573 0.034050 0.042480 77.6600 0.9011371547922951
