0 0.527347 0.531413 0.032327 0.077387 35.8900 0.41645393362729166
0 0.363043 0.530947 0.091127 0.109360 29.3200 0.34021814806219536
0 0.649847 0.558453 0.118808 0.145493 21.3100 0.24727314922255741
0 0.250060 0.572373 0.174630 0.231413 16.0100 0.18577396147598052
0 0.222073 0.604200 0.213728 0.233360 13.4900 0.1565328382455326
0 0.183188 0.646547 0.242866 0.286907 11.0300 0.12798793223485727
0 0.113104 0.681320 0.226208 0.359440 8.9400 0.10373636574611278
0 0.088857 0.754693 0.177713 0.485280 6.3700 0.07391506149918774
0 0.817073 0.632547 0.219348 0.287333 11.5900 0.13448595961940124
0 0.880894 0.679667 0.236602 0.336933 9.3000 0.1079136690647482
