0 0.486216 0.530147 0.045652 0.122907 23.3300 0.27071246228823387
0 0.244267 0.640787 0.187214 0.311600 10.8100 0.12543513576235785
0 0.285229 0.584573 0.153551 0.233680 14.1300 0.16395915525644
0 0.352923 0.539293 0.093140 0.133733 21.9400 0.2545834300301694
0 0.387882 0.514653 0.076618 0.109733 27.8600 0.32327686238106285
0 0.659706 0.607787 0.125709 0.247733 13.7500 0.15954977953121371
0 0.556337 0.520840 0.039646 0.093307 31.3400 0.36365746112787184
0 0.488792 0.502560 0.029340 0.088640 35.0800 0.407055001160362
0 0.110479 0.532787 0.087415 0.117360 22.7500 0.26398236249709905
0 0.225769 0.506293 0.060765 0.082933 32.6900 0.37932234857275465
