0 0.604694 0.587093 0.105684 0.269227 14.8800 0.17266187050359713
0 0.114706 0.658307 0.229412 0.337627 9.5900 0.1112787189603156
0 0.169126 0.626107 0.265837 0.274827 11.9400 0.13854722673474124
0 0.227725 0.603133 0.185612 0.217040 14.3800 0.16686006033882572
0 0.314448 0.540413 0.137754 0.186427 21.4000 0.24831747505221627
0 0.294614 0.559867 0.117101 0.177867 19.1300 0.22197725690415407
0 0.572484 0.562027 0.066063 0.150987 20.3000 0.23555349268971917
0 0.324408 0.528600 0.097834 0.160027 23.7500 0.2755859828266419
0 0.349573 0.533800 0.096957 0.122373 28.5000 0.33070317939197025
0 0.528639 0.521387 0.029823 0.078613 37.8200 0.43884892086330934
0 0.553744 0.541307 0.047472 0.125333 25.7600 0.298909259689023
