0 0.315942 0.691667 0.178889 0.399013 9.4900 0.11011835692736133
0 0.749058 0.718520 0.294557 0.557627 6.6000 0.07658389417498258
0 0.389465 0.607120 0.108720 0.231253 14.4600 0.16778834996518913
0 0.558112 0.537347 0.043583 0.111600 28.0400 0.32536551404038055
0 0.632315 0.617840 0.118221 0.269387 12.2200 0.14179624042701322
1 0.346787 0.569040 0.015926 0.214507 16.6800 0.1935483870967742
1 0.358052 0.549120 0.008599 0.177280 19.8900 0.23079600835460662
0 0.464650 0.514000 0.025998 0.078507 41.5600 0.4822464608957995
0 0.539899 0.517080 0.029444 0.080560 40.4100 0.46890229751682516
1 0.359928 0.562773 0.011449 0.180640 19.2400 0.22325365514040377
