0 0.130914 0.684720 0.261828 0.389707 8.4800 0.09839870039452309
0 0.668913 0.643480 0.126812 0.284347 11.6900 0.13564632165235552
0 0.251111 0.594227 0.180515 0.194587 15.2800 0.17730331863541424
0 0.320145 0.556893 0.113510 0.144560 20.7900 0.24123926665119513
0 0.348064 0.551093 0.115998 0.133013 22.9400 0.26618705035971224
0 0.354827 0.542667 0.102375 0.121493 25.4000 0.2947319563703875
0 0.618442 0.582973 0.081699 0.210107 16.7200 0.19401253190995588
0 0.567738 0.541187 0.039839 0.096613 30.1300 0.34961708052912505
0 0.386952 0.538160 0.077126 0.107680 27.8600 0.32327686238106285
0 0.437343 0.504973 0.048309 0.054320 54.1300 0.6281039684381526
