0 0.504255 0.590093 0.063583 0.175813 17.2300 0.19993037827802274
0 0.175636 0.562760 0.104477 0.159227 21.3900 0.24820143884892085
2 0.799972 0.591613 0.120717 0.279600 12.0600 0.13993966117428638
1 0.356578 0.571813 0.022544 0.265067 13.9300 0.16163843119053142
0 0.365254 0.538867 0.091184 0.146693 22.6600 0.2629380366674402
0 0.394143 0.535107 0.081135 0.100027 28.9400 0.3358087723369691
0 0.417319 0.519840 0.058213 0.083947 36.2300 0.4203991645393362
0 0.437955 0.500293 0.043317 0.056320 49.6600 0.5762357855650962
0 0.559730 0.524160 0.039461 0.089867 31.4100 0.36446971455093985
0 0.484400 0.536880 0.034710 0.105333 29.9200 0.34718032025992107
0 0.282528 0.506147 0.049002 0.072880 41.4400 0.4808540264562543
