1 0.206550 0.708147 0.152778 0.573040 4.7500 0.055117196565328375
1 0.256719 0.724867 0.069026 0.539600 5.7100 0.06625667208168948
1 0.132424 0.726693 0.060773 0.535947 6.0800 0.07055001160362033
1 0.118708 0.690227 0.057528 0.438693 8.1000 0.09398932466929681
1 0.326067 0.651200 0.052375 0.444640 8.3600 0.09700626595497794
1 0.146272 0.709787 0.048808 0.454453 7.4500 0.08644697145509399
1 0.279388 0.657440 0.062480 0.423093 8.3500 0.09689022975168252
0 0.308986 0.607400 0.116876 0.264027 13.6200 0.15804130888837314
2 0.398249 0.531160 0.025757 0.188027 19.3900 0.2249941981898352
1 0.548949 0.506480 0.019718 0.165813 21.3900 0.24820143884892085
1 0.439159 0.512747 0.010749 0.121973 27.7500 0.32200046414481315
1 0.447895 0.508040 0.012826 0.127333 27.8400 0.323044789974472
