1 0.082190 0.703173 0.164380 0.582987 4.0500 0.046994662334648406
1 0.166280 0.727920 0.073543 0.533493 4.9400 0.05732188442794152
1 0.036795 0.726227 0.073591 0.536880 5.2600 0.06103504293339521
1 0.271932 0.676627 0.066828 0.494053 7.5800 0.08795544209793454
1 0.221151 0.682413 0.053945 0.465893 7.6300 0.08853562311441168
0 0.285193 0.628600 0.134122 0.294640 12.4600 0.1445811093061035
2 0.387645 0.548160 0.030845 0.225280 16.3500 0.18971919238802507
1 0.550036 0.511120 0.018784 0.178187 19.9300 0.23126015316778833
1 0.431329 0.512467 0.012882 0.123707 27.3700 0.3175910884195869
1 0.437568 0.508107 0.012609 0.128907 27.5000 0.31909955906242743
