0 0.887979 0.698933 0.222432 0.596800 2.4900 0.028893014620561614
0 0.089847 0.785507 0.179694 0.423653 4.8800 0.056625667208168945
0 0.597971 0.599240 0.101530 0.225520 14.7700 0.1713854722673474
0 0.355588 0.583507 0.067858 0.148560 20.7000 0.24019494082153628
0 0.541167 0.551080 0.046522 0.124453 24.9200 0.289162218612207
0 0.390910 0.547133 0.046200 0.120240 30.0500 0.34868879090276167
0 0.412452 0.529760 0.028382 0.076107 43.8500 0.5088187514504525
2 0.456582 0.506440 0.006047 0.047707 76.0000 0.881875145045254
2 0.462154 0.505507 0.005805 0.045147 76.1100 0.8831515432815038
0 0.516244 0.522840 0.027931 0.080613 40.6900 0.4721513112090972
