2 0.933933 0.515120 0.096498 0.281173 12.3700 0.14353678347644463
1 0.796308 0.481640 0.019074 0.173787 19.8700 0.23056393594801577
1 0.093957 0.642880 0.187915 0.682240 2.9600 0.03434671617544673
1 0.060511 0.618067 0.121023 0.731867 3.2800 0.038059874680900434
1 0.593527 0.548693 0.031143 0.247733 13.5800 0.15757716407519146
2 0.725258 0.514413 0.071159 0.212080 15.6400 0.18148062195404965
2 0.951075 0.491200 0.067254 0.223680 15.4700 0.17950800649802737
1 0.852234 0.535987 0.035225 0.314907 11.1100 0.12891622186122068
1 0.872854 0.534840 0.035886 0.379813 9.8000 0.1137154792295196
1 0.860560 0.552547 0.025821 0.299227 10.5300 0.12218612207008585
