0 0.053345 0.789253 0.106691 0.416160 3.4100 0.039568345323741004
0 0.603595 0.588987 0.096127 0.230293 14.9200 0.17312601531677882
0 0.169239 0.581920 0.153696 0.182880 16.9100 0.19621721977256903
0 0.763112 0.746907 0.247963 0.500853 7.2400 0.08401021118589
0 0.572097 0.546187 0.058221 0.158080 21.0800 0.24460431654676254
0 0.366196 0.560427 0.065177 0.147040 21.5100 0.249593873288466
0 0.392323 0.530760 0.048881 0.134000 26.9000 0.31213738686470177
0 0.545813 0.523053 0.039887 0.107760 29.6900 0.34451148758412625
0 0.879183 0.765227 0.240024 0.464213 2.9000 0.033650498955674166
0 0.414263 0.529280 0.037448 0.106667 32.6500 0.37885820375957296
0 0.439509 0.502813 0.018680 0.039920 67.5400 0.7837085170573219
