0 0.495676 0.524893 0.035862 0.112347 28.8400 0.3346484103040148
0 0.906775 0.708373 0.184839 0.577920 4.7300 0.054885124158737524
0 0.777218 0.688720 0.229541 0.441707 8.5100 0.09874680900440937
0 0.699517 0.595987 0.172335 0.311173 11.9600 0.1387792991413321
0 0.661647 0.573147 0.123213 0.207413 15.6900 0.1820608029705268
0 0.630213 0.546653 0.115789 0.157627 19.2800 0.2237177999535855
0 0.423889 0.499480 0.019839 0.043653 63.1500 0.7327686238106288
0 0.364380 0.539467 0.045169 0.096960 29.9000 0.34694824785333017
0 0.579517 0.513200 0.076989 0.102560 29.9600 0.3476444650731028
0 0.556944 0.502947 0.060813 0.077840 36.6200 0.4249245764678579
0 0.377967 0.499747 0.026948 0.059120 57.1100 0.6626827570201902
0 0.355781 0.495907 0.017456 0.044667 65.1900 0.7564400092828962
