0 0.431216 0.519067 0.023076 0.067093 44.3300 0.514388489208633
0 0.185757 0.516827 0.051900 0.086720 40.4000 0.4687862613135298
0 0.225942 0.516587 0.042995 0.066240 47.0400 0.5458343003016941
0 0.875117 0.573133 0.085177 0.099333 34.9600 0.40566256672081685
0 0.259026 0.515773 0.035958 0.060133 51.8700 0.6018797864933858
0 0.448772 0.502933 0.018237 0.048000 59.4200 0.6894871199814342
0 0.478945 0.546453 0.041272 0.136213 25.4000 0.2947319563703875
0 0.127154 0.527533 0.070878 0.089147 34.0100 0.39463912740775114
2 0.727379 0.561347 0.023100 0.120933 27.2600 0.3163146901833372
0 0.950052 0.571733 0.071441 0.091307 35.7200 0.4144813181712694
