0 0.875455 0.787467 0.247480 0.419733 2.8100 0.03260617312601531
0 0.366437 0.570453 0.064291 0.164000 20.0800 0.23300069621721972
0 0.110262 0.772587 0.220523 0.449493 3.9600 0.04595033650498955
0 0.736469 0.754173 0.227738 0.486320 7.9200 0.0919006730099791
0 0.601747 0.597480 0.093559 0.222960 14.5400 0.16871663959155253
0 0.558881 0.565987 0.067085 0.166053 19.1600 0.22232536551404036
0 0.535668 0.548427 0.050258 0.118827 25.3300 0.2939197029473195
0 0.389924 0.551760 0.049444 0.117653 25.7900 0.2992573682989092
0 0.408301 0.529813 0.032222 0.080160 36.0700 0.41854258528660937
0 0.638615 0.493853 0.056586 0.092347 44.3200 0.5142724530053376
