0 0.072520 0.776987 0.145040 0.440693 3.7600 0.043629612439080985
0 0.954819 0.450093 0.088752 0.342640 11.4500 0.13286145277326525
0 0.339932 0.616893 0.101876 0.209413 15.6900 0.1820608029705268
0 0.226679 0.711480 0.224163 0.407493 9.9500 0.11545602227895102
0 0.637154 0.533493 0.075548 0.153547 21.1900 0.2458807147830123
0 0.389634 0.564160 0.065821 0.151253 21.8100 0.2530749593873288
0 0.422738 0.549067 0.041127 0.106773 28.1500 0.32664191227663025
0 0.433845 0.536693 0.036353 0.091147 33.2000 0.3852401949408215
0 0.541236 0.526360 0.036272 0.099280 32.6900 0.37932234857275465
0 0.644432 0.513013 0.106240 0.120000 25.3400 0.294035739150615
0 0.557246 0.522413 0.042576 0.083493 36.9500 0.4287537711766071
0 0.581465 0.514493 0.044122 0.080027 40.7300 0.4726154560222789
0 0.569714 0.475147 0.036272 0.036213 76.1000 0.8830355070782082
0 0.473261 0.480773 0.031208 0.034293 75.2500 0.873172429798097
