0 0.508196 0.584480 0.064300 0.176533 17.0500 0.19784172661870503
0 0.213998 0.562973 0.086176 0.140613 24.2300 0.28115572058482247
2 0.743140 0.571293 0.093945 0.225040 14.8900 0.17277790670689255
1 0.379392 0.567160 0.019863 0.218800 16.8100 0.19505685773961473
0 0.379062 0.545493 0.080926 0.129973 25.5100 0.29600835460663727
0 0.402750 0.535160 0.075032 0.090640 31.7800 0.36876305407287074
0 0.422436 0.526013 0.055145 0.077840 39.0300 0.45288930146205614
0 0.441683 0.508867 0.040564 0.053360 52.5800 0.6101183569273613
0 0.484211 0.537480 0.035169 0.106693 29.5600 0.34300301694128565
0 0.295093 0.512333 0.044694 0.067973 44.2800 0.513808308192156
