0 0.496739 0.519520 0.035395 0.110880 29.1900 0.3387096774193548
0 0.888426 0.743067 0.221538 0.508533 5.6100 0.0650963100487352
0 0.751147 0.659200 0.201377 0.435360 9.0300 0.10478069157577162
0 0.687738 0.595693 0.165878 0.267067 12.6900 0.14724994198189834
0 0.646337 0.555587 0.133285 0.218000 16.2400 0.1884427941517753
0 0.625298 0.546187 0.098470 0.158507 19.9600 0.23160826177767463
0 0.606349 0.526987 0.096449 0.126187 23.5200 0.27291715015084705
0 0.433724 0.490427 0.016095 0.037707 72.8800 0.8456718496170804
0 0.394787 0.519413 0.031554 0.072373 39.0700 0.4533534462752378
0 0.570535 0.503053 0.067915 0.088880 34.1800 0.3966117428637735
0 0.550648 0.497293 0.054710 0.069147 40.9300 0.4749361800881875
0 0.386940 0.496200 0.024477 0.054907 61.3200 0.7115339986075655
0 0.364795 0.489360 0.016047 0.041920 69.3700 0.8049431422603852
