0 0.494589 0.525080 0.037504 0.117520 27.6500 0.32084010211185887
0 0.916284 0.730707 0.165821 0.533253 5.3400 0.06196333255975864
0 0.787943 0.668480 0.220717 0.391787 8.9500 0.1038524019494082
0 0.381824 0.523867 0.036079 0.072907 38.9700 0.45219308424228355
0 0.074642 0.757200 0.149283 0.432053 7.7500 0.08992805755395683
0 0.622267 0.535547 0.112198 0.160747 19.7500 0.22917150150847063
0 0.579388 0.519587 0.082786 0.110373 26.4300 0.30668368530981666
0 0.351812 0.505600 0.035153 0.072480 46.9900 0.5452541192852169
0 0.368957 0.497093 0.028188 0.061333 53.5900 0.6218380134601996
0 0.408696 0.491413 0.019227 0.038133 76.4700 0.8873288466001391
0 0.328132 0.500560 0.022206 0.053440 54.7300 0.6350661406358783
