0 0.495556 0.525867 0.036006 0.112800 28.7300 0.3333720120677651
0 0.964879 0.706693 0.068631 0.581280 3.6900 0.04281735901601299
0 0.815254 0.734827 0.253889 0.525013 7.4600 0.08656300765838941
0 0.720000 0.612800 0.187407 0.347893 10.8900 0.12636342538872128
0 0.674026 0.582667 0.131449 0.224747 14.6200 0.16964492921791596
0 0.637882 0.553133 0.121900 0.168080 18.2200 0.2114179624042701
0 0.421091 0.500267 0.020813 0.045493 60.7100 0.7044557902065444
0 0.353816 0.545013 0.050193 0.105707 27.6200 0.3204919935019726
0 0.582170 0.516240 0.079654 0.106667 28.9100 0.33546066372708283
0 0.558559 0.505280 0.062464 0.080320 35.6100 0.4132049199350197
0 0.375523 0.500467 0.027633 0.060240 56.0800 0.6507310280807611
0 0.353209 0.497013 0.017850 0.045387 64.1400 0.7442562079368763
