1 0.209561 0.625627 0.037576 0.363147 9.4800 0.1100023207240659
1 0.160564 0.611347 0.049114 0.421200 9.1100 0.10570898120213505
1 0.314312 0.653747 0.056095 0.483760 7.6000 0.0881875145045254
2 0.824758 0.612040 0.062367 0.298160 11.6100 0.13471803202599208
2 0.951385 0.568093 0.033478 0.170213 19.8600 0.23044789974472032
1 0.581393 0.505413 0.009388 0.109547 34.0900 0.39556741703411463
1 0.593784 0.514493 0.010741 0.095227 33.3000 0.38640055697377573
2 0.799183 0.521067 0.037834 0.113067 31.3300 0.3635414249245764
1 0.898128 0.522960 0.010733 0.115520 29.4400 0.34161058250174053
1 0.925298 0.544907 0.019324 0.118080 28.8200 0.334416337897424
