1 0.225757 0.534293 0.026023 0.242827 14.6900 0.17045718264098397
0 0.460443 0.480920 0.022222 0.063973 49.4900 0.574263170109074
1 0.269034 0.498840 0.019098 0.146747 23.3300 0.27071246228823387
1 0.116614 0.513027 0.029251 0.227493 15.7300 0.1825249477837085
1 0.172581 0.477160 0.021280 0.137680 26.9200 0.3123694592712926
0 0.556622 0.537400 0.118333 0.140507 21.0200 0.24390809932699
0 0.816928 0.546640 0.087126 0.128480 23.9700 0.27813877929914127
0 0.881047 0.550000 0.097327 0.122987 23.8700 0.27697841726618705
0 0.934066 0.551707 0.101272 0.124587 24.4900 0.28417266187050355
1 0.109030 0.516213 0.024291 0.210453 15.7900 0.18322116500348107
1 0.184541 0.473493 0.028116 0.152320 25.3900 0.2946159201670921
1 0.175040 0.479400 0.017279 0.133893 25.3400 0.294035739150615
1 0.201067 0.501720 0.016159 0.161413 20.9000 0.24251566488744486
1 0.175845 0.491240 0.018583 0.167867 21.6700 0.25145045254119286
2 0.426252 0.464093 0.006176 0.056293 61.1300 0.7093293107449524
1 0.166804 0.495533 0.011981 0.142480 22.0600 0.25597586446971454
1 0.147403 0.492787 0.019138 0.158427 21.8500 0.25353910420051057
0 0.498784 0.495453 0.029034 0.075227 37.7000 0.4374564864237642
1 0.184380 0.467213 0.012045 0.116987 30.9300 0.3588999767927593
