0 0.834710 0.731800 0.328969 0.531067 4.9600 0.05755395683453237
0 0.071993 0.742293 0.143986 0.510080 6.1000 0.07078208401021117
0 0.089819 0.658907 0.179638 0.491733 8.5000 0.09863077280111394
0 0.131292 0.638587 0.225966 0.275200 11.1000 0.12880018565792525
0 0.243144 0.608480 0.176014 0.217013 13.8600 0.16082617776746344
0 0.289819 0.584427 0.151393 0.197653 16.0800 0.18658621489904847
0 0.304424 0.569867 0.114308 0.182667 18.5700 0.2154792295196101
0 0.320318 0.549880 0.135193 0.162747 20.8900 0.24239962868414944
0 0.350423 0.534093 0.092456 0.119813 25.7600 0.298909259689023
0 0.384159 0.500893 0.077093 0.118480 35.4200 0.4110002320724066
2 0.463953 0.500547 0.006957 0.058800 53.1200 0.6163843119053144
0 0.584130 0.573120 0.063398 0.162933 18.4200 0.21373868647017868
0 0.651775 0.532653 0.107834 0.144453 23.5300 0.2730331863541425
0 0.586147 0.500187 0.061667 0.091200 38.9600 0.4520770480389881
0 0.522516 0.500413 0.021812 0.054693 52.3600 0.6075655604548619
