0 0.312774 0.611253 0.108784 0.217013 15.3900 0.17857971687166396
0 0.870113 0.743467 0.258164 0.507733 5.3200 0.06173126015316779
0 0.721409 0.664187 0.167118 0.338880 10.4300 0.12102576003713157
0 0.366558 0.566813 0.073196 0.147493 21.0400 0.24414017173358085
0 0.638563 0.583987 0.090411 0.204827 15.9200 0.18472963564632164
0 0.394300 0.549253 0.057504 0.112960 26.4600 0.3070317939197029
0 0.602045 0.555133 0.067311 0.152933 21.1500 0.24541656996983055
0 0.441884 0.512893 0.028277 0.069413 42.3100 0.4909491761429566
0 0.582903 0.538893 0.046981 0.119760 26.2200 0.3042469250406126
0 0.574203 0.524067 0.036457 0.098107 31.6500 0.36725458343003015
