0 0.790886 0.749147 0.327585 0.496373 6.4700 0.07507542353214201
0 0.597182 0.566800 0.082931 0.226880 15.6000 0.18101647714086794
0 0.235523 0.577373 0.197085 0.227867 14.2300 0.16511951728939428
0 0.279030 0.555027 0.149895 0.195440 16.8700 0.19575307495938732
0 0.285048 0.529987 0.118857 0.206747 19.2700 0.22360176375029006
0 0.349968 0.524347 0.092818 0.118187 24.6200 0.28568113251334415
0 0.368627 0.522813 0.086031 0.115653 26.8900 0.31202135066140635
0 0.367806 0.509893 0.069509 0.114453 29.2600 0.3395219308424228
0 0.403160 0.476693 0.058124 0.090080 46.2900 0.537131585054537
2 0.467508 0.477680 0.005225 0.045440 68.4800 0.7946159201670921
0 0.545560 0.520213 0.037770 0.097547 29.2800 0.33975400324901367
0 0.512886 0.480533 0.017593 0.045013 63.1400 0.7326525876073334
