1 0.577834 0.606973 0.028712 0.303920 11.6600 0.13529821304246925
1 0.366329 0.570733 0.032206 0.225413 15.7300 0.1825249477837085
1 0.333241 0.571067 0.019589 0.213813 16.1700 0.18763054072870736
1 0.668647 0.552107 0.021465 0.213067 15.5300 0.18020422371779993
1 0.647858 0.547880 0.020934 0.208987 16.3700 0.1899512647946159
1 0.534183 0.544773 0.020395 0.181280 20.4900 0.2377581805523323
1 0.596848 0.607093 0.022810 0.281013 11.9600 0.1387792991413321
1 0.563635 0.583040 0.034758 0.223413 15.2200 0.17660710141564168
1 0.625447 0.552053 0.023615 0.224053 15.9000 0.1844975632397308
1 0.634895 0.530720 0.017407 0.188533 19.1500 0.2222093293107449
0 0.467178 0.520560 0.034308 0.088960 36.1600 0.4195869111162682
1 0.036333 0.646853 0.046433 0.344693 10.5400 0.12230215827338127
