1 0.768829 0.559800 0.042939 0.332187 11.9100 0.13819911812485494
0 0.839094 0.746907 0.292826 0.500853 7.0100 0.08134137851009514
0 0.691952 0.630347 0.137979 0.275413 12.4100 0.14400092828962635
0 0.332001 0.622093 0.122794 0.266960 13.2400 0.15363193316314688
0 0.390250 0.580120 0.070580 0.172560 18.7200 0.2172197725690415
0 0.621413 0.569040 0.077609 0.174187 19.2700 0.22360176375029006
0 0.423237 0.543667 0.050612 0.139867 26.2600 0.30471106985379437
0 0.468418 0.528267 0.045419 0.101440 32.9900 0.38280343467161754
0 0.593957 0.539747 0.040523 0.125627 26.7300 0.3101647714086795
0 0.547625 0.510880 0.043961 0.072640 43.3100 0.5025527964724994
