0 0.506582 0.559240 0.054018 0.168987 19.7700 0.22940357391506147
0 0.769823 0.655333 0.178824 0.382720 9.4200 0.10930610350429333
0 0.645709 0.569747 0.123639 0.191227 16.0100 0.18577396147598052
0 0.110644 0.674013 0.221288 0.372240 10.4300 0.12102576003713157
0 0.088824 0.604240 0.161787 0.261867 15.4200 0.17892782548155023
0 0.367484 0.545080 0.065805 0.115760 26.8700 0.3117892782548155
0 0.466171 0.497147 0.027738 0.068427 51.6200 0.5989788814110002
0 0.267222 0.549720 0.083043 0.129200 25.7100 0.2983290786725458
0 0.372750 0.524240 0.051377 0.076853 38.5500 0.44731956370387554
0 0.549291 0.488493 0.019839 0.046107 63.3300 0.7348572754699465
0 0.161844 0.555880 0.104187 0.127280 24.8200 0.2880018565792527
