0 0.495640 0.527547 0.034050 0.106667 30.2700 0.35124158737526107
0 0.073285 0.625933 0.146570 0.221627 14.6400 0.16987700162450683
0 0.181795 0.574107 0.116280 0.171200 20.1600 0.23392898584358318
0 0.655000 0.563533 0.118937 0.204613 16.1500 0.18739846832211646
0 0.635298 0.549947 0.110467 0.164693 19.5600 0.22696681364585747
0 0.597528 0.542387 0.094267 0.131120 23.0400 0.26734741239266646
0 0.581445 0.530387 0.080427 0.125840 26.4500 0.3069157577164075
0 0.577295 0.519253 0.074283 0.101920 30.1300 0.34961708052912505
0 0.565624 0.514227 0.066884 0.098800 33.7500 0.39162218612207006
0 0.441582 0.499027 0.014211 0.035920 76.7000 0.8899976792759341
0 0.412122 0.496907 0.017657 0.042347 78.8600 0.9150614991877465
