0 0.853680 0.773973 0.291031 0.446720 4.0400 0.04687862613135298
0 0.086582 0.642587 0.173164 0.517920 7.8000 0.09050823857043397
0 0.128160 0.646600 0.256320 0.338747 9.9300 0.11522394987236016
0 0.182774 0.591307 0.239605 0.287787 12.5500 0.14562543513576234
0 0.303362 0.541387 0.132697 0.158400 20.2000 0.2343931306567649
0 0.344304 0.514520 0.099461 0.152987 25.0700 0.2909027616616384
0 0.569646 0.550573 0.057826 0.142160 21.7000 0.2517985611510791
0 0.688205 0.683640 0.177424 0.389200 9.6300 0.11174286377349733
0 0.542379 0.505427 0.036852 0.105200 32.5100 0.37723369691343694
0 0.377375 0.513187 0.081626 0.098853 32.7700 0.38025063819911814
