0 0.331679 0.687827 0.151425 0.379173 10.3600 0.12021350661406358
0 0.891264 0.819360 0.215862 0.355947 2.2800 0.02645625435135762
0 0.686031 0.745667 0.186828 0.469573 8.4900 0.09851473659781851
0 0.591771 0.644800 0.098551 0.257920 13.8500 0.160710141564168
0 0.384328 0.611413 0.076546 0.219680 15.7000 0.1821768391738222
0 0.404948 0.584680 0.059622 0.151600 20.8200 0.24158737526108146
0 0.560044 0.579493 0.062649 0.161867 20.6300 0.2393826873984683
0 0.536522 0.568320 0.047005 0.126240 25.4900 0.29577628220004637
0 0.437532 0.545800 0.032021 0.090693 35.9600 0.41726618705035967
0 0.449831 0.522453 0.028245 0.093760 41.5600 0.4822464608957995
0 0.462589 0.525893 0.026063 0.078667 47.5200 0.5514040380598747
