0 0.495310 0.543653 0.046852 0.126133 22.7800 0.2643304711069854
0 0.128655 0.755773 0.257311 0.483120 5.8600 0.0679972151311209
0 0.292379 0.595040 0.128462 0.232747 13.8500 0.160710141564168
0 0.335286 0.566560 0.116675 0.182933 16.8800 0.19586911116268274
0 0.381961 0.531587 0.088849 0.116720 24.5500 0.28486887909027614
0 0.848196 0.756133 0.301997 0.482400 6.9700 0.08087723369691342
0 0.697581 0.610627 0.152939 0.324027 12.2900 0.1426084938500812
1 0.574686 0.533720 0.015572 0.126853 25.0900 0.29113483406822926
0 0.718341 0.534053 0.114380 0.144480 24.2300 0.28115572058482247
0 0.048998 0.640493 0.097995 0.312293 9.1900 0.10663727082849847
0 0.491200 0.510067 0.028374 0.085733 36.2100 0.4201670921327454
0 0.118885 0.581813 0.155354 0.240213 13.5500 0.15722905546530516
0 0.218506 0.553867 0.100507 0.169013 17.8000 0.20654444186586213
0 0.247854 0.506187 0.058478 0.095147 34.5000 0.40032490136922716
