0 0.056240 0.677227 0.112480 0.640213 1.3800 0.016012996054769087
0 0.829537 0.766200 0.339316 0.462267 5.5900 0.06486423764214434
0 0.381292 0.551173 0.054646 0.141333 22.8000 0.2645625435135762
0 0.154360 0.750133 0.305564 0.494400 6.7000 0.07774425620793687
0 0.664557 0.649907 0.145475 0.326800 10.7000 0.12415873752610813
0 0.582391 0.574013 0.075700 0.182160 17.3800 0.20167092132745415
0 0.548277 0.552360 0.056119 0.142853 21.9400 0.2545834300301694
0 0.530109 0.535640 0.043728 0.104773 28.1600 0.32675794847992573
0 0.412874 0.515573 0.029082 0.073333 38.8300 0.45056857739614753
0 0.628535 0.491387 0.052899 0.086667 47.1800 0.5474588071478301
