0 0.504300 0.565707 0.052673 0.165440 20.2200 0.23462520306335574
0 0.866212 0.718213 0.240024 0.558240 7.0900 0.08226966813645857
0 0.637339 0.567027 0.101522 0.181947 18.0600 0.20956138315154324
0 0.591570 0.541427 0.083092 0.119600 24.6600 0.28614527732652584
0 0.228728 0.624227 0.135362 0.250480 14.5400 0.16871663959155253
0 0.381252 0.538333 0.052101 0.106800 31.4100 0.36446971455093985
0 0.138394 0.612253 0.149235 0.192933 17.7900 0.2064284056625667
0 0.233708 0.561027 0.080797 0.159867 23.9900 0.27837085170573217
0 0.445958 0.512147 0.031304 0.058747 50.4600 0.5855186818287306
0 0.324674 0.534707 0.054791 0.094480 34.5400 0.40078904618240885
0 0.393164 0.519573 0.042528 0.062347 47.2000 0.547690879554421
0 0.016989 0.596520 0.033977 0.171227 16.2600 0.1886748665583662
0 0.041445 0.551173 0.082890 0.117493 26.2900 0.30505917846368064
0 0.523293 0.499293 0.019501 0.049200 59.4500 0.6898352285913205
0 0.246844 0.533120 0.066329 0.091680 33.3700 0.38721281039684374
