0 0.502162 0.550907 0.060346 0.162507 18.0600 0.20956138315154324
0 0.098990 0.554093 0.146659 0.201840 17.2300 0.19993037827802274
2 0.931131 0.664520 0.136127 0.445893 7.9100 0.09178463680668368
1 0.305503 0.596840 0.033277 0.377093 9.8900 0.11475980505917846
0 0.339658 0.532600 0.109461 0.182427 18.5600 0.21536319331631465
0 0.357258 0.526307 0.101071 0.136080 21.6000 0.25063819911812485
0 0.380097 0.519093 0.094332 0.117120 24.7700 0.28742167556277554
0 0.412037 0.497627 0.061900 0.095200 32.0800 0.3722441401717335
0 0.435878 0.475547 0.047279 0.061440 45.5100 0.5280807611974936
0 0.571465 0.509640 0.047118 0.104827 27.2100 0.31573450916686
0 0.555930 0.483347 0.038124 0.099707 34.6000 0.4014852634021815
0 0.486502 0.502307 0.033696 0.101840 30.7700 0.35704339754003245
0 0.260535 0.484293 0.056948 0.081493 37.3100 0.4329310744952425
