1 0.529022 0.462000 0.015032 0.160107 21.1200 0.24506846135994428
1 0.240705 0.529600 0.029251 0.322880 11.6300 0.13495010443258296
1 0.511155 0.623547 0.036498 0.344907 8.7100 0.10106753307031795
1 0.553176 0.588360 0.040459 0.361947 9.1300 0.10594105360872592
1 0.543543 0.495653 0.024960 0.219147 14.6000 0.16941285681132512
1 0.453442 0.503680 0.026031 0.257387 14.1800 0.16453933627291714
1 0.441630 0.485253 0.023615 0.233920 15.1400 0.17567881178927824
1 0.416550 0.494560 0.024694 0.254293 14.0600 0.163146901833372
1 0.403108 0.494120 0.024155 0.256080 13.7600 0.15966581573450916
1 0.484549 0.444187 0.013414 0.140747 25.0900 0.29113483406822926
1 0.371920 0.471773 0.019863 0.164133 21.4100 0.2484335112555117
1 0.310982 0.463987 0.016908 0.165360 21.0900 0.244720352750058
1 0.340640 0.462667 0.015564 0.167307 21.3500 0.24773729403573916
