0 0.763631 0.707907 0.233140 0.427493 8.7400 0.10141564168020421
0 0.431397 0.509427 0.069267 0.085467 33.9900 0.39440705500116036
1 0.373394 0.523853 0.012343 0.140613 23.9700 0.27813877929914127
2 0.749138 0.539627 0.071256 0.177013 18.1000 0.21002552796472498
0 0.613337 0.484827 0.063470 0.077920 41.2000 0.47806915757716406
0 0.770169 0.474987 0.077633 0.072853 40.6200 0.4713390577860292
0 0.379360 0.511240 0.054388 0.075813 39.7800 0.46159201670921324
0 0.210250 0.523933 0.057053 0.076027 39.8000 0.4618240891158041
0 0.475692 0.484200 0.018937 0.042640 68.0400 0.7895103272220934
0 0.445817 0.490693 0.022214 0.043787 68.2400 0.7918310512880017
