0 0.498595 0.531840 0.041860 0.131147 24.9700 0.2897423996286841
0 0.131626 0.682533 0.200934 0.302667 11.4700 0.13309352517985612
0 0.816655 0.680280 0.242198 0.470800 8.0100 0.09294499883963796
0 0.655209 0.569893 0.139919 0.211573 14.7500 0.17115339986075653
0 0.632927 0.546787 0.110443 0.169093 18.4800 0.21443490368995125
0 0.617528 0.524000 0.090692 0.150453 22.4500 0.2605012763982362
0 0.559658 0.504560 0.062407 0.083360 36.4600 0.4230679972151311
0 0.540539 0.491973 0.042093 0.056960 54.3300 0.6304246925040612
0 0.310350 0.520493 0.052118 0.098533 35.1500 0.40786725458343
0 0.339847 0.517413 0.039082 0.079680 41.7300 0.4842190763518217
0 0.363309 0.514427 0.030306 0.056480 48.6200 0.5641680204223717
0 0.399098 0.497760 0.025008 0.045280 64.7500 0.7513344163378973
0 0.288776 0.512507 0.031643 0.068533 42.9800 0.4987236017637502
0 0.063353 0.521880 0.034791 0.079653 38.0800 0.44186586214899043
