0 0.384155 0.507987 0.074992 0.086693 34.5300 0.4006730099791135
0 0.547005 0.514813 0.039549 0.108827 31.4700 0.36516593177071244
0 0.442395 0.529333 0.038945 0.101067 27.7700 0.322232536551404
0 0.293829 0.553053 0.146224 0.163600 18.9300 0.21965653283824552
0 0.265849 0.565240 0.160990 0.189573 16.5400 0.19192388025063817
0 0.219948 0.611040 0.201940 0.247200 12.7500 0.1479461592016709
0 0.146957 0.641267 0.293913 0.342427 9.9800 0.11580413088883731
0 0.066812 0.691507 0.133623 0.453840 7.3400 0.08517057321884428
0 0.633901 0.627627 0.115242 0.237653 12.9200 0.14991877465769318
0 0.843973 0.781147 0.310443 0.432373 3.7100 0.04304943142260385
