0 0.845012 0.748280 0.308366 0.498107 4.0400 0.04687862613135298
0 0.240624 0.723373 0.179863 0.346960 10.2800 0.11928521698770014
0 0.605906 0.600787 0.093583 0.229093 14.2700 0.165583662102576
0 0.353490 0.589653 0.083019 0.193600 19.5700 0.22708284984915292
0 0.405749 0.542293 0.037762 0.101120 33.4800 0.38848920863309344
2 0.461397 0.508867 0.007689 0.062160 58.5000 0.6788117892782548
2 0.470757 0.505093 0.007246 0.058613 58.7900 0.6821768391738222
0 0.427895 0.524853 0.025870 0.061813 49.5400 0.5748433511255511
0 0.518547 0.499920 0.015821 0.043093 70.2400 0.8150382919470873
0 0.545338 0.527160 0.040773 0.110853 30.0400 0.3485727546994662
