0 0.820314 0.732933 0.342963 0.528800 5.8200 0.06753307031793919
0 0.093221 0.729520 0.186441 0.493760 7.0700 0.08203759572986771
0 0.104634 0.638907 0.209267 0.438347 9.4800 0.1100023207240659
0 0.159312 0.623453 0.204066 0.251013 12.0800 0.14017173358087723
0 0.260197 0.599693 0.162729 0.201787 14.8400 0.1721977256904154
0 0.300797 0.577507 0.141755 0.185733 17.0500 0.19784172661870503
0 0.313353 0.565693 0.107979 0.173200 19.5400 0.22673474123926662
0 0.327347 0.544373 0.128671 0.155253 21.8700 0.2537711766071014
0 0.355515 0.531707 0.088663 0.115200 26.7500 0.31039684381527033
0 0.385914 0.505400 0.074903 0.115227 36.3900 0.4222557437920631
2 0.464686 0.500973 0.006747 0.057307 54.4800 0.6321652355534926
0 0.578510 0.568013 0.059275 0.153787 19.4000 0.22511023439313063
0 0.645197 0.528333 0.103003 0.138533 24.5200 0.2845207704803899
0 0.583261 0.501427 0.060048 0.088933 39.9300 0.4633325597586447
0 0.521345 0.502120 0.021337 0.053680 53.3400 0.6189371083778139
