0 0.879062 0.783200 0.240266 0.428267 3.0300 0.03515896959851473
0 0.065870 0.678880 0.131739 0.601067 6.8000 0.07890461824089115
0 0.116047 0.670587 0.232093 0.380800 8.9200 0.10350429333952192
0 0.156167 0.607733 0.263897 0.314613 11.5400 0.1339057786029241
0 0.293289 0.546240 0.140266 0.166933 19.2000 0.22278951032722208
0 0.338192 0.520693 0.103905 0.159467 24.0800 0.279415177535391
0 0.573494 0.560880 0.061337 0.150507 20.7000 0.24019494082153628
0 0.715664 0.723653 0.210056 0.451787 8.6200 0.10002320724065906
0 0.542576 0.520533 0.038084 0.108747 31.5100 0.3656300765838942
0 0.373816 0.520453 0.084396 0.102080 31.7700 0.36864701786957527
