0 0.506288 0.561107 0.054332 0.169840 19.6700 0.22824321188210722
0 0.823635 0.701707 0.206337 0.477760 7.8800 0.09143652819679739
0 0.662794 0.580440 0.135362 0.214267 14.4800 0.16802042237178
0 0.056433 0.722773 0.112866 0.449493 7.0000 0.08122534230679972
0 0.070548 0.618227 0.141095 0.292187 13.9400 0.16175446739382685
0 0.340411 0.560453 0.081981 0.138933 22.8900 0.2656068693432351
0 0.459791 0.500160 0.030242 0.074133 47.7600 0.5541889069389649
0 0.254316 0.555853 0.090097 0.137787 24.2900 0.281851937804595
0 0.369126 0.526520 0.053390 0.080187 37.0600 0.4300301694128568
0 0.555020 0.486893 0.019573 0.045733 63.8400 0.7407751218380134
0 0.141594 0.562760 0.114654 0.136560 23.3500 0.27094453469482477
