0 0.160282 0.744600 0.320564 0.505467 4.4500 0.05163611046646553
0 0.868708 0.725373 0.260974 0.543920 1.6600 0.019262009747041075
0 0.307214 0.687040 0.194783 0.390560 9.4000 0.10907403109770247
0 0.559259 0.543720 0.057456 0.138427 23.0200 0.2671153399860756
0 0.732005 0.741227 0.267295 0.512213 7.2100 0.0836621025760037
0 0.355487 0.596920 0.106401 0.225093 14.6800 0.17034114643768855
1 0.282275 0.587347 0.026643 0.288560 12.4500 0.14446507310280807
1 0.305982 0.559427 0.014316 0.227760 15.5200 0.1800881875145045
0 0.446868 0.514133 0.029726 0.090027 36.5200 0.4237642144349037
0 0.534485 0.518907 0.035185 0.092853 35.3300 0.4099559062427477
1 0.312721 0.570493 0.018309 0.234373 14.8800 0.17266187050359713
0 0.518776 0.497827 0.021063 0.070693 52.4100 0.6081457414713389
