1 0.300725 0.571787 0.036763 0.307733 11.7300 0.13611046646553723
0 0.456329 0.498880 0.036554 0.101813 31.9000 0.3701554885124158
1 0.237641 0.510213 0.021739 0.176587 19.5000 0.2262705964260849
1 0.117194 0.513347 0.030056 0.227920 15.7000 0.1821768391738222
1 0.141703 0.474880 0.024243 0.156000 23.8000 0.27616616384311904
0 0.754444 0.560587 0.142593 0.153760 19.2400 0.22325365514040377
0 0.816852 0.546640 0.087101 0.128480 23.9700 0.27813877929914127
0 0.880966 0.550000 0.097311 0.122987 23.8700 0.27697841726618705
0 0.934030 0.551693 0.101345 0.124560 24.4900 0.28417266187050355
1 0.109138 0.516040 0.020934 0.210107 15.8200 0.18356927361336736
1 0.161103 0.476653 0.015572 0.172080 22.5600 0.2617776746344859
1 0.134614 0.485227 0.020934 0.152693 22.2800 0.25852866094221394
1 0.216787 0.493027 0.015298 0.142000 23.7200 0.2752378742167556
1 0.198873 0.485680 0.014767 0.149280 24.3300 0.2823160826177767
1 0.190121 0.489827 0.011546 0.127867 24.5600 0.28498491529357156
1 0.177581 0.484560 0.016643 0.140480 24.6000 0.2854490601067533
0 0.498752 0.495453 0.029034 0.075227 37.7000 0.4374564864237642
1 0.184626 0.467213 0.009122 0.116987 30.9400 0.35901601299605473
