0 0.153784 0.769000 0.307568 0.456667 4.3900 0.05093989324669296
0 0.880342 0.713253 0.237705 0.568160 3.6100 0.041889069389649564
0 0.352311 0.595480 0.093639 0.261573 14.2700 0.165583662102576
0 0.387367 0.561587 0.084960 0.168987 19.1400 0.22209329310744952
0 0.657085 0.454080 0.055185 0.060320 52.8000 0.6126711533998607
0 0.810370 0.717707 0.160612 0.473333 8.0300 0.09317707124622882
0 0.806908 0.600520 0.129436 0.298053 12.0700 0.1400556973775818
0 0.675539 0.501760 0.127118 0.156320 23.5600 0.27338129496402874
0 0.986067 0.531947 0.026256 0.185813 16.6800 0.1935483870967742
0 0.892440 0.488240 0.099066 0.112480 26.0100 0.30181016477140865
