0 0.995898 0.724120 0.006594 0.546427 -0.1800 -0.0020886516593177067
0 0.361868 0.667627 0.184300 0.369653 10.2600 0.1190531445811093
0 0.837665 0.759120 0.323060 0.476427 4.9300 0.05720584822464608
0 0.727371 0.676800 0.176771 0.401867 9.3500 0.10849385008122533
0 0.959203 0.492533 0.079984 0.215147 17.1300 0.19877001624506843
0 0.421957 0.570107 0.071643 0.167893 19.3200 0.22418194476676723
0 0.450350 0.539947 0.061747 0.129547 24.4100 0.2832443722441402
0 0.724581 0.499987 0.069823 0.107333 28.7800 0.3339521930842423
0 0.601272 0.522800 0.039646 0.107253 30.4700 0.3535623114411696
0 0.485890 0.513960 0.037544 0.090427 35.7100 0.414365281967974
