1 0.036558 0.582733 0.073116 0.363440 10.2000 0.11835692736133673
1 0.021329 0.566867 0.042657 0.355707 10.4800 0.12160594105360872
2 0.659388 0.549707 0.041433 0.298987 12.2300 0.14191227663030864
1 0.500580 0.554240 0.026892 0.218027 14.9000 0.17289394291018798
2 0.384098 0.500520 0.024348 0.141040 24.7700 0.28742167556277554
1 0.644948 0.492520 0.017770 0.168187 20.3500 0.23613367370619634
1 0.543607 0.469533 0.011562 0.102160 33.7800 0.3919702947319563
1 0.516590 0.480773 0.008671 0.101707 33.7500 0.39162218612207006
1 0.530012 0.476573 0.009348 0.101840 33.6900 0.39092596890229747
1 0.573816 0.462440 0.010580 0.100933 36.3400 0.421675562775586
1 0.584928 0.459827 0.009823 0.108987 34.5500 0.40090508238570427
