0 0.961345 0.746880 0.075700 0.442720 5.8100 0.06741703411464375
0 0.585733 0.588587 0.077311 0.171893 18.1100 0.2101415641680204
0 0.059803 0.759760 0.119605 0.475147 6.8800 0.07983290786725458
0 0.099497 0.688133 0.198994 0.353173 9.1500 0.10617312601531677
0 0.222033 0.617627 0.197673 0.218773 14.0000 0.16245068461359943
0 0.279159 0.593093 0.136417 0.161600 18.6300 0.21617544673938266
0 0.541872 0.548867 0.047818 0.109520 27.8700 0.3233928985843583
0 0.378519 0.545853 0.082721 0.095707 31.4600 0.365049895567417
0 0.380072 0.516347 0.056248 0.093813 36.3200 0.4214434903689951
0 0.515833 0.505267 0.019461 0.061147 58.0800 0.6739382687398467
