1 0.662419 0.678720 0.058510 0.505707 7.0000 0.08122534230679972
1 0.734513 0.670133 0.075419 0.520267 7.1700 0.08319795776282199
1 0.131276 0.684333 0.055016 0.487440 7.6500 0.08876769552100255
1 0.379360 0.580813 0.029251 0.279280 12.8100 0.14864237642144348
1 0.572778 0.537640 0.026570 0.206533 16.7200 0.19401253190995588
1 0.742746 0.572147 0.065217 0.319067 10.8400 0.12578324437224414
1 0.938035 0.560040 0.053671 0.384240 9.3900 0.10895799489440705
1 0.823043 0.543880 0.033816 0.299813 11.4900 0.13332559758644696
1 0.384610 0.547973 0.020668 0.177760 18.8100 0.21826409839870037
1 0.366171 0.544827 0.014758 0.180427 19.1600 0.22232536551404036
0 0.452939 0.482880 0.022802 0.076320 48.3900 0.5614991877465769
0 0.386413 0.510613 0.061618 0.174880 25.6600 0.29774889765606866
