0 0.496775 0.520133 0.035290 0.110560 29.2700 0.33963796704571825
0 0.853780 0.739107 0.255322 0.516453 6.6600 0.07728011139475516
0 0.724408 0.633547 0.185692 0.377547 10.1000 0.11719656532838245
0 0.673776 0.583227 0.155105 0.243147 13.7300 0.15931770712462287
0 0.637250 0.549133 0.126401 0.202747 17.3100 0.20085866790438614
0 0.618506 0.541307 0.093760 0.149653 21.0300 0.24402413553028543
0 0.601828 0.524413 0.092544 0.120293 24.5800 0.2852169877001624
0 0.436055 0.491440 0.015539 0.036427 75.3100 0.8738686470178695
0 0.400314 0.517427 0.029243 0.068187 41.3600 0.47992573682989087
0 0.568221 0.502587 0.065942 0.086080 35.2600 0.4091436528196797
0 0.549199 0.497027 0.053357 0.067333 42.0200 0.48758412624738917
0 0.388994 0.495333 0.023913 0.053920 62.3800 0.7238338361568809
0 0.366957 0.490987 0.015717 0.041280 70.4200 0.8171269436064051
