0 0.590700 0.580707 0.074396 0.172773 17.4600 0.20259921095381758
0 0.125354 0.749387 0.250709 0.501227 4.6500 0.0539568345323741
0 0.522609 0.510627 0.026860 0.067920 43.6400 0.5063819911812485
0 0.302923 0.638227 0.140258 0.285253 12.2700 0.14237642144349036
0 0.186002 0.595800 0.129348 0.200187 15.7200 0.18240891158041309
0 0.383603 0.543280 0.054147 0.130400 24.2900 0.281851937804595
0 0.293414 0.548067 0.064235 0.118053 25.3500 0.2941517753539104
0 0.418221 0.522680 0.032222 0.075280 37.0400 0.4297980970062659
0 0.434275 0.510893 0.025233 0.058267 47.5700 0.5519842190763518
0 0.484501 0.511733 0.023478 0.072960 43.8100 0.5083546066372708
