0 0.589839 0.575107 0.091771 0.232933 16.8700 0.19575307495938732
0 0.157597 0.625333 0.225048 0.276107 11.5600 0.13413785100951497
0 0.215254 0.602080 0.222230 0.232853 13.9000 0.16129032258064516
0 0.259239 0.589680 0.160781 0.190080 16.3300 0.18948711998143417
0 0.329227 0.535133 0.125137 0.170160 23.3700 0.2711766071014156
0 0.312218 0.553133 0.104839 0.160560 21.1100 0.24495242515664886
0 0.563961 0.552867 0.059147 0.136453 22.2400 0.2580645161290322
0 0.336320 0.525760 0.089372 0.147040 25.7800 0.29914133209561383
0 0.358696 0.523187 0.090242 0.114320 30.4700 0.3535623114411696
0 0.526828 0.515800 0.028180 0.074533 39.7700 0.46147598050591787
0 0.548108 0.538827 0.043430 0.115733 27.7400 0.3218844279415177
