0 0.484392 0.498400 0.019525 0.061493 50.7000 0.5883035507078208
0 0.412013 0.549787 0.052383 0.131840 23.2200 0.26943606405198417
0 0.778398 0.744160 0.284106 0.506347 6.9400 0.08052912508702716
0 0.641385 0.631973 0.139646 0.334933 11.4700 0.13309352517985612
0 0.593998 0.574187 0.077786 0.234507 15.3800 0.1784636806683685
0 0.552492 0.537720 0.049670 0.126480 25.0200 0.29032258064516125
0 0.525620 0.509920 0.025781 0.075467 40.3200 0.46785797168716636
0 0.540523 0.524573 0.037971 0.108400 30.1200 0.3495010443258296
0 0.327589 0.521600 0.056224 0.068427 44.8400 0.5203063355766999
0 0.255688 0.523107 0.063357 0.071387 44.7500 0.5192620097470411
0 0.512967 0.493480 0.018398 0.051120 58.8100 0.6824089115804131
1 0.643671 0.531227 0.023076 0.219093 16.3500 0.18971919238802507
