2 0.786176 0.504467 0.071176 0.257733 13.5500 0.15722905546530516
1 0.780539 0.473533 0.017858 0.168933 20.4700 0.23752610814574143
1 0.331707 0.684347 0.073366 0.599307 5.9600 0.06915757716407518
1 0.238281 0.664640 0.080475 0.599787 6.6500 0.07716407519145974
1 0.302319 0.656520 0.080757 0.654960 6.1800 0.0717103736365746
1 0.646413 0.518200 0.029380 0.225520 14.9400 0.17335808772336966
2 0.847625 0.491067 0.075024 0.205547 16.2000 0.18797864933859362
1 0.868414 0.509133 0.027504 0.275173 12.6700 0.1470178695753075
1 0.898394 0.503520 0.033357 0.323200 11.4000 0.1322812717567881
1 0.880238 0.524413 0.025773 0.260453 12.0700 0.1400556973775818
