0 0.673635 0.644693 0.181844 0.439947 9.9400 0.11533998607565558
0 0.095479 0.739027 0.190958 0.478907 7.0400 0.08168948711998143
0 0.122633 0.669720 0.245266 0.337893 9.5000 0.11023439313065675
0 0.173011 0.610147 0.209340 0.262000 12.0200 0.13947551636110464
0 0.262118 0.547480 0.184042 0.244880 16.4500 0.1908795544209793
0 0.231916 0.586907 0.164428 0.242880 14.2100 0.16488744488280344
0 0.604859 0.584653 0.093084 0.205200 15.3000 0.1775353910420051
0 0.283434 0.537533 0.127673 0.204880 18.7200 0.2172197725690415
0 0.323724 0.532520 0.119058 0.149040 23.5400 0.2731492225574379
0 0.368595 0.516000 0.083325 0.101387 31.2200 0.3622650266883267
0 0.386075 0.495040 0.067287 0.105280 36.0700 0.41854258528660937
0 0.539050 0.515373 0.035153 0.091280 32.7900 0.38048271060570893
0 0.573390 0.549360 0.061900 0.158293 20.7800 0.24112323044789974
