0 0.685930 0.526960 0.178800 0.209280 17.2600 0.20027848688790903
0 0.904352 0.439573 0.098237 0.097920 31.2500 0.36261313529821304
0 0.877452 0.444920 0.094195 0.091547 33.5900 0.38976560686934325
0 0.854143 0.446107 0.093100 0.091200 36.1000 0.4188906938964957
0 0.378986 0.548920 0.048454 0.125253 26.7700 0.3106289162218612
0 0.443543 0.519333 0.036490 0.094560 36.1300 0.419238802506382
0 0.658877 0.476827 0.085564 0.107733 35.6900 0.4141332095613831
0 0.741900 0.445013 0.042834 0.080480 45.1000 0.523323276862381
0 0.770725 0.449373 0.046828 0.073093 45.5700 0.5287769784172661
0 0.396542 0.538027 0.042246 0.098400 33.3300 0.38674866558366205
0 0.535105 0.497747 0.030000 0.068240 44.9500 0.5215827338129496
0 0.494618 0.502520 0.021232 0.056400 56.3500 0.6538640055697377
