0 0.124187 0.761120 0.248374 0.472427 6.5000 0.07542353214202831
0 0.912375 0.448813 0.173639 0.275067 14.3600 0.16662798793223485
0 0.978325 0.422387 0.041739 0.150053 23.3200 0.2705964260849385
0 0.359477 0.582387 0.083591 0.170267 18.5300 0.2150150847064284
0 0.284734 0.646573 0.152673 0.296667 12.7000 0.14736597818519376
0 0.614597 0.520160 0.063043 0.133280 24.0800 0.279415177535391
0 0.398736 0.550120 0.055684 0.131493 24.7200 0.2868414945462984
0 0.425632 0.536240 0.036240 0.095413 31.0200 0.35994430262241817
0 0.532613 0.517680 0.034259 0.090933 35.5400 0.41239266651195167
0 0.623857 0.510533 0.094348 0.107680 28.1700 0.32687398468322115
0 0.568635 0.502733 0.041312 0.074000 43.6400 0.5063819911812485
0 0.511832 0.470680 0.036320 0.035973 76.5100 0.8877929914133209
0 0.421965 0.478227 0.030934 0.033947 75.9300 0.8810628916221861
