0 0.086506 0.641627 0.173011 0.545280 8.2300 0.09549779531213738
2 0.359199 0.595560 0.035789 0.224187 14.5800 0.16918078440473427
0 0.890717 0.744413 0.216957 0.505840 6.8000 0.07890461824089115
0 0.830717 0.668000 0.308647 0.330933 9.7200 0.11278718960315619
0 0.771896 0.597413 0.223357 0.310613 12.0900 0.14028776978417265
0 0.269589 0.569173 0.151385 0.160640 19.3800 0.22487816198653976
0 0.306687 0.554893 0.122085 0.139013 22.0100 0.25539568345323743
0 0.532899 0.540920 0.048937 0.118800 25.2500 0.29299141332095613
0 0.373225 0.514827 0.064436 0.083573 36.5000 0.4235321420283128
0 0.509517 0.509373 0.025700 0.072027 40.3200 0.46785797168716636
