0 0.909702 0.775267 0.178986 0.444133 2.8900 0.033534462752378744
0 0.092391 0.625187 0.184783 0.252507 13.1600 0.15270364353678348
1 0.325060 0.544320 0.017979 0.188853 17.9400 0.20816894871199815
2 0.864501 0.572360 0.117907 0.264347 12.3500 0.1433047110698538
0 0.459102 0.511227 0.081828 0.109600 29.9300 0.3472963564632165
0 0.661127 0.493053 0.084042 0.083760 35.4600 0.4114643768855883
0 0.503382 0.502227 0.050628 0.075440 39.7600 0.46135994430262234
0 0.253281 0.525133 0.077754 0.094213 32.3400 0.3752610814574147
0 0.467468 0.495773 0.020829 0.046960 61.9300 0.7186122070085866
0 0.434630 0.495920 0.024525 0.048160 62.2000 0.7217451844975632
