0 0.475262 0.548213 0.047254 0.142720 23.6500 0.2744256207936876
0 0.115346 0.776333 0.230692 0.447333 3.0000 0.03481086098862845
0 0.097822 0.656147 0.195644 0.325253 11.3200 0.13135298213042468
0 0.304867 0.654587 0.158156 0.358293 10.8200 0.12555117196565327
0 0.288543 0.551640 0.076312 0.152880 22.9500 0.2663030865630076
0 0.409746 0.547347 0.055048 0.143067 24.3400 0.28243211882107216
0 0.250612 0.540240 0.059791 0.098773 30.2300 0.3507774425620793
0 0.424779 0.526867 0.032552 0.081787 37.0700 0.4301462056161522
0 0.438265 0.512960 0.022665 0.055680 50.1400 0.5818055233232768
0 0.132826 0.577187 0.104493 0.154907 19.8700 0.23056393594801577
