0 0.075507 0.772173 0.151014 0.450320 6.6200 0.07681596658157344
0 0.319795 0.672760 0.133728 0.309413 11.7100 0.1358783940589464
0 0.172697 0.699267 0.189147 0.336187 10.8700 0.1261313529821304
2 0.725089 0.671693 0.135362 0.367067 8.5000 0.09863077280111394
2 0.814726 0.723613 0.164058 0.471867 6.9900 0.0811093061035043
1 0.021747 0.652573 0.034895 0.354640 10.1300 0.11754467393826874
0 0.414191 0.555400 0.046578 0.130373 25.6300 0.2974007890461824
0 0.441377 0.529027 0.025829 0.076880 40.7600 0.47296356463216516
0 0.556630 0.537600 0.081844 0.106720 30.9900 0.35959619401253184
0 0.524605 0.512600 0.054879 0.075813 44.7200 0.5189139011371547
