0 0.083414 0.695533 0.166828 0.587493 7.0200 0.08145741471339056
0 0.851361 0.768480 0.295668 0.457707 3.6400 0.04223717799953585
0 0.604279 0.595467 0.096031 0.254987 14.4700 0.16790438616848455
0 0.120781 0.677027 0.241562 0.340773 9.5900 0.1112787189603156
0 0.198933 0.633933 0.193760 0.260613 12.1100 0.1405198421907635
0 0.228023 0.600653 0.200056 0.229360 14.6800 0.17034114643768855
0 0.569915 0.559560 0.063422 0.143493 20.5300 0.23822232536551405
0 0.542782 0.529547 0.038011 0.113333 29.5500 0.34288698073799023
0 0.369473 0.511440 0.064710 0.117920 33.1700 0.38489208633093525
0 0.397536 0.524227 0.057375 0.074800 38.5800 0.4476676723137618
0 0.524412 0.510307 0.023478 0.064613 43.3500 0.5030169412856811
