0 0.495632 0.527213 0.033986 0.106427 30.3300 0.3519378045950336
0 0.090628 0.615493 0.154090 0.204320 15.7200 0.18240891158041309
0 0.198108 0.568413 0.106828 0.161307 21.2400 0.2464608957994894
0 0.644525 0.557480 0.112238 0.190160 17.2600 0.20027848688790903
0 0.627834 0.546613 0.105185 0.155413 20.6400 0.23949872360176375
0 0.593076 0.539413 0.090950 0.124747 24.1200 0.27987932234857277
0 0.577858 0.528640 0.077681 0.120640 27.5200 0.31933163146901833
0 0.563112 0.513280 0.064742 0.095520 34.8600 0.4045022046878626
0 0.442947 0.498560 0.013720 0.034827 79.0600 0.9173822232536551
0 0.413273 0.495053 0.017351 0.041733 79.9500 0.9277094453469482
