0 0.499980 0.560400 0.054114 0.146773 19.9500 0.23149222557437918
0 0.231055 0.638707 0.183140 0.359813 10.3100 0.11963332559758644
0 0.288160 0.604160 0.154388 0.232320 13.5200 0.15688094685541887
0 0.332436 0.575720 0.135934 0.183653 16.6200 0.19285216987700163
0 0.390064 0.536907 0.081304 0.130933 23.9200 0.2775585982826642
0 0.428470 0.505507 0.056892 0.075813 37.2800 0.4325829658853562
0 0.614147 0.571533 0.076377 0.159227 18.8700 0.21896031561847296
0 0.582532 0.528453 0.053776 0.133493 26.4000 0.30633557669993033
1 0.551695 0.522627 0.013148 0.113733 26.6000 0.30865630076583894
0 0.494477 0.518280 0.031610 0.095547 32.6900 0.37932234857275465
0 0.198523 0.509813 0.080829 0.106080 29.1300 0.3380134601995822
