0 0.501570 0.538040 0.052013 0.162800 20.4600 0.23741007194244604
0 0.851212 0.729227 0.235370 0.536213 7.0900 0.08226966813645857
0 0.745745 0.591653 0.168977 0.337227 11.0500 0.12822000464144814
0 0.591465 0.515787 0.087037 0.123893 25.1600 0.2919470874912973
0 0.556546 0.486947 0.052931 0.072613 42.8500 0.4972151311209097
0 0.545765 0.482093 0.037118 0.056667 53.4400 0.6200974704107681
0 0.225246 0.539427 0.092601 0.149893 23.8700 0.27697841726618705
0 0.282114 0.527827 0.061409 0.112400 30.2000 0.35042933395219306
0 0.324976 0.519720 0.044348 0.074427 37.1900 0.4315386400556973
0 0.380725 0.492227 0.031159 0.055227 53.4900 0.6206776514272453
0 0.220809 0.522667 0.049831 0.093227 31.9700 0.3709677419354838
