0 0.477927 0.526720 0.035435 0.106987 30.9000 0.358551868182873
0 0.151948 0.738560 0.303897 0.522880 4.9000 0.0568577396147598
0 0.060443 0.689493 0.120886 0.348480 9.0900 0.1054769087955442
0 0.268120 0.554080 0.085370 0.164213 21.3600 0.24785333023903455
0 0.368043 0.573880 0.077085 0.171333 18.7300 0.21733580877233696
0 0.327093 0.538400 0.056425 0.106987 28.1900 0.327106057089812
0 0.419734 0.535800 0.040467 0.093093 31.0200 0.35994430262241817
0 0.388506 0.512893 0.029010 0.063600 46.1400 0.5353910420051056
0 0.067874 0.597120 0.135749 0.202187 16.6000 0.19262009747041076
0 0.182001 0.556680 0.087142 0.132133 23.5300 0.2730331863541425
