0 0.166135 0.740093 0.332271 0.487813 6.5500 0.07600371315850545
1 0.543849 0.540840 0.045201 0.271760 13.2800 0.1540960779763286
2 0.846852 0.454453 0.047037 0.129280 25.6300 0.2974007890461824
1 0.343325 0.567813 0.045298 0.316907 11.0900 0.12868414945462983
2 0.763362 0.476493 0.025676 0.157627 21.5500 0.2500580181016477
1 0.108547 0.579227 0.034034 0.215840 15.3900 0.17857971687166396
1 0.095181 0.593187 0.026111 0.210480 14.8400 0.1721977256904154
2 0.311868 0.570253 0.083510 0.263013 12.8700 0.14933859364121604
1 0.021594 0.611053 0.043188 0.226107 13.7800 0.1598978881411
1 0.106812 0.573533 0.030918 0.271547 13.8600 0.16082617776746344
0 0.951192 0.461760 0.067021 0.111787 22.7200 0.2636342538872128
0 0.380588 0.480587 0.025024 0.061173 47.3600 0.5495474588071477
