1 0.076522 0.506160 0.012882 0.139467 25.2400 0.29287537711766065
1 0.424026 0.478293 0.008857 0.095787 37.8900 0.4396611742863773
0 0.397826 0.470453 0.042625 0.109120 41.2100 0.4781851937804595
0 0.426731 0.476787 0.042770 0.081360 43.4300 0.5039452309120445
0 0.467846 0.473773 0.050749 0.070853 44.4000 0.515200742631701
0 0.606031 0.461520 0.038390 0.061760 49.5700 0.5751914597354374
0 0.638748 0.460013 0.042069 0.065733 51.4200 0.5966581573450916
0 0.664143 0.465067 0.048510 0.052480 55.1800 0.6402877697841726
0 0.687806 0.465893 0.036095 0.052907 55.4900 0.6438848920863309
0 0.707492 0.466227 0.039767 0.050053 56.0800 0.6507310280807611
0 0.729235 0.462520 0.046747 0.052240 56.8100 0.6592016709213274
0 0.787073 0.453707 0.045113 0.050080 60.7200 0.7045718264098398
0 0.804304 0.454720 0.039557 0.045813 62.0400 0.7198886052448363
