1 0.590709 0.616493 0.035411 0.326693 10.8900 0.12636342538872128
1 0.353527 0.579467 0.030113 0.249013 14.3000 0.1659317707124623
1 0.312464 0.579360 0.021916 0.237013 14.6400 0.16987700162450683
1 0.698953 0.562907 0.029452 0.241120 13.7800 0.1598978881411
1 0.668708 0.553920 0.025177 0.236320 14.5100 0.16836853098166626
1 0.534316 0.544960 0.022609 0.186507 19.9200 0.2311441169644929
1 0.602890 0.611613 0.031626 0.296880 11.3400 0.13158505453701555
1 0.570451 0.583720 0.026441 0.236027 14.4300 0.16744024135530283
1 0.632198 0.554880 0.024702 0.233707 15.2700 0.17718728243211881
1 0.638490 0.529493 0.018977 0.194880 18.5500 0.21524715711301926
0 0.466473 0.517320 0.036103 0.092133 34.9900 0.4060106753307032
