2 0.700282 0.526120 0.060451 0.303653 12.0500 0.13982362497099093
1 0.700688 0.579840 0.050990 0.438133 8.2200 0.09538175910884196
1 0.709863 0.475827 0.024155 0.155547 22.2200 0.25783244372244135
1 0.556804 0.541973 0.024155 0.261333 13.7300 0.15931770712462287
1 0.510910 0.531560 0.032480 0.256507 14.7100 0.17068925504757484
1 0.517544 0.528853 0.033011 0.280693 13.7400 0.1594337433279183
1 0.729807 0.481280 0.020934 0.179733 18.6400 0.2162914829426781
1 0.900705 0.481067 0.019863 0.199840 17.3200 0.2009747041076816
1 0.929002 0.477547 0.030596 0.228800 15.9700 0.18530981666279878
1 0.910705 0.486560 0.026031 0.187947 16.6500 0.19320027848688787
