0 0.855382 0.732720 0.287625 0.529227 4.2000 0.048735205384079834
0 0.659018 0.589800 0.215556 0.288507 12.3200 0.1429566024599675
0 0.111783 0.752160 0.223567 0.440640 8.6900 0.10083546066372708
1 0.810447 0.518613 0.019058 0.186080 17.0200 0.19749361800881873
1 0.589863 0.517547 0.013688 0.123787 26.2300 0.3043629612439081
0 0.542089 0.535533 0.038462 0.108933 29.6200 0.34369923416105824
0 0.528502 0.517747 0.034364 0.103333 34.5800 0.4012531909955906
1 0.476651 0.496147 0.007246 0.059440 61.9600 0.718960315618473
1 0.480012 0.498733 0.006176 0.057840 62.6600 0.7270828498491528
0 0.447484 0.495493 0.014871 0.051680 71.8100 0.8332559758644696
