0 0.100443 0.782960 0.200886 0.428747 8.1500 0.09456950568577396
0 0.337806 0.670213 0.112987 0.271947 13.2800 0.1540960779763286
0 0.211192 0.689067 0.155024 0.291840 12.3900 0.1437688558830355
2 0.692786 0.658640 0.111320 0.310347 10.0700 0.11684845671849617
0 0.973394 0.589573 0.051602 0.303147 11.3800 0.13204919935019727
2 0.750193 0.688613 0.126908 0.377227 8.6000 0.09979113483406822
1 0.104497 0.645813 0.027915 0.288480 12.4500 0.14446507310280807
0 0.416985 0.575560 0.043132 0.126160 27.1400 0.31492225574379207
0 0.441707 0.545747 0.023156 0.071173 44.9000 0.5210025527964725
0 0.549907 0.545360 0.077705 0.102080 32.5500 0.37769784172661863
0 0.519529 0.535467 0.052971 0.073867 46.2800 0.5370155488512416
