0 0.090378 0.785333 0.180757 0.424000 7.4900 0.0869111162682757
0 0.975008 0.564227 0.048374 0.399227 8.0600 0.09352517985611511
0 0.902858 0.557307 0.192673 0.306453 10.8300 0.1256672081689487
0 0.260020 0.636053 0.133905 0.228480 14.9100 0.1730099791134834
0 0.722649 0.686907 0.203366 0.400640 9.1400 0.10605708981202135
0 0.626965 0.591467 0.100225 0.240800 14.7100 0.17068925504757484
0 0.330020 0.586000 0.070024 0.157120 20.7300 0.2405430494314226
0 0.576135 0.543507 0.054976 0.125200 24.4700 0.2839405894639127
0 0.382371 0.549053 0.050282 0.105520 29.9800 0.34787653747969366
0 0.557415 0.535867 0.044976 0.101227 30.2400 0.35089347876537474
0 0.417742 0.521147 0.026626 0.070773 44.9700 0.5218148062195405
0 0.538981 0.517613 0.031699 0.079440 38.7600 0.4497563239730795
0 0.468857 0.489720 0.033897 0.043813 68.3800 0.7934555581341377
