1 0.354481 0.690427 0.052681 0.565547 6.4600 0.07495938732884659
1 0.300439 0.713493 0.074694 0.562347 5.7700 0.06695288930146205
1 0.527045 0.533347 0.027021 0.230053 15.2100 0.17649106521234625
1 0.399541 0.508160 0.017713 0.147307 23.7700 0.2758180552332327
1 0.392194 0.507960 0.014581 0.141093 24.2500 0.2813877929914133
1 0.518378 0.499813 0.015692 0.157653 23.5000 0.2726850777442562
1 0.565507 0.533987 0.020113 0.222053 15.0100 0.17417034114643767
1 0.597262 0.501720 0.020467 0.184507 19.2300 0.22313761893710837
1 0.614090 0.482267 0.016216 0.161760 22.2400 0.2580645161290322
0 0.467351 0.482347 0.029340 0.075307 42.4200 0.4922255743792063
1 0.289919 0.559640 0.047440 0.234587 15.2800 0.17730331863541424
1 0.585205 0.526267 0.017367 0.187040 17.6700 0.20503597122302158
