0 0.697093 0.694240 0.186103 0.456960 8.6000 0.09979113483406822
0 0.100805 0.731147 0.201610 0.471093 7.3800 0.08563471803202598
0 0.133909 0.643627 0.267818 0.342240 10.0000 0.11603620329542816
0 0.171300 0.594053 0.199895 0.329333 12.4100 0.14400092828962635
0 0.221035 0.590347 0.157738 0.198613 15.0000 0.17405430494314225
0 0.298551 0.572387 0.132738 0.166267 17.7800 0.20631236945927128
0 0.327186 0.560920 0.118961 0.157307 19.9800 0.23184033418426547
0 0.333973 0.544013 0.092762 0.150213 22.4400 0.2603852401949408
0 0.345081 0.530533 0.112367 0.136373 24.8000 0.28776978417266186
0 0.368728 0.525520 0.078921 0.103360 29.7200 0.3448595961940125
0 0.391691 0.498253 0.068969 0.106373 39.3500 0.45660245996750987
2 0.465141 0.495947 0.006224 0.053280 58.5700 0.6796240427013228
0 0.564726 0.555613 0.049549 0.131547 22.3700 0.2595729867718728
0 0.624915 0.518893 0.090556 0.123173 27.4900 0.318983522859132
0 0.575411 0.504853 0.055668 0.082773 42.8600 0.4973311673242051
0 0.518064 0.501760 0.020024 0.050773 56.2700 0.6529357159433743
