0 0.522802 0.496560 0.023510 0.068747 48.6000 0.5639359480157808
0 0.457275 0.505827 0.023035 0.061147 44.8100 0.5199582269668136
0 0.361795 0.528933 0.098277 0.119520 26.9900 0.31318171269436057
0 0.321522 0.535360 0.123607 0.177227 21.6600 0.2513344163378974
0 0.544243 0.528867 0.037746 0.089520 29.8700 0.34660013924344396
0 0.565157 0.562107 0.061957 0.139840 20.7600 0.2408911580413089
0 0.234102 0.600773 0.200008 0.230347 14.3300 0.16627987932234856
0 0.088833 0.712267 0.177665 0.364853 8.3400 0.0967741935483871
0 0.060713 0.764787 0.121425 0.465093 6.0600 0.07031793919702946
0 0.908704 0.747413 0.180982 0.499840 6.0300 0.06996983058714319
