0 0.489191 0.502280 0.019316 0.060880 51.2000 0.5941053608725922
0 0.946208 0.771133 0.105974 0.452400 1.0300 0.0119517289394291
0 0.434501 0.528373 0.036393 0.095680 31.2100 0.3621489904850313
0 0.660648 0.644587 0.136014 0.310293 11.2400 0.13042469250406125
0 0.600568 0.584493 0.091457 0.230213 15.8000 0.18333720120677652
0 0.574223 0.552213 0.058156 0.179200 19.7100 0.2287073566952889
0 0.546526 0.529573 0.041602 0.106560 29.3400 0.34045022046878626
0 0.524694 0.504733 0.022963 0.067867 44.6300 0.5178695753074959
0 0.537339 0.516693 0.032842 0.093920 34.4600 0.39986075655604547
0 0.345833 0.519347 0.050459 0.062213 49.2700 0.5717103736365746
0 0.280064 0.520240 0.056908 0.064853 49.1700 0.5705500116036203
1 0.622798 0.518387 0.018784 0.178427 20.0000 0.23207240659085632
