0 0.506554 0.574920 0.066345 0.207600 16.4400 0.19076351821768392
0 0.642206 0.555133 0.128132 0.195280 16.6900 0.1936644233000696
0 0.574968 0.503013 0.065427 0.091787 34.3100 0.3981202135066141
0 0.552174 0.496653 0.043446 0.067227 45.4300 0.5271524715711301
0 0.544626 0.492627 0.041280 0.053947 51.7000 0.5999071710373637
0 0.083873 0.593880 0.167746 0.244027 15.4900 0.17974007890461824
0 0.201167 0.567000 0.099646 0.161573 21.7800 0.25272685077744256
0 0.277375 0.548653 0.063172 0.100240 28.7500 0.33360408447435597
0 0.362291 0.513000 0.038349 0.066053 45.1200 0.5235553492689718
0 0.378225 0.501467 0.028543 0.071093 51.5000 0.597586446971455
0 0.404734 0.494133 0.026586 0.050933 61.7000 0.7159433743327918
0 0.436638 0.490227 0.025660 0.038320 74.2600 0.8616848456718496
0 0.953357 0.544707 0.091675 0.110107 24.9300 0.2892782548155024
0 0.129263 0.546467 0.076594 0.127120 23.9000 0.2773265258760733
