0 0.961791 0.553093 0.074807 0.358293 9.7800 0.11348340682292873
0 0.913446 0.546160 0.171498 0.259253 12.8000 0.14852634021814806
0 0.827138 0.528320 0.134388 0.203680 15.6400 0.18148062195404965
0 0.898229 0.747493 0.201932 0.499680 2.3100 0.026804362961243906
0 0.744259 0.724760 0.227729 0.439440 8.0900 0.09387328846600139
0 0.163969 0.740467 0.327939 0.513733 6.8000 0.07890461824089115
0 0.773188 0.506267 0.110773 0.165387 18.5600 0.21536319331631465
0 0.703659 0.486573 0.116643 0.161787 21.5700 0.2502900905082385
0 0.382830 0.556800 0.081699 0.206187 17.6800 0.20515200742631698
0 0.410584 0.519440 0.059171 0.146560 23.3600 0.2710605708981202
