0 0.496791 0.540520 0.047496 0.127867 22.4900 0.2609654212114179
0 0.175479 0.745440 0.268478 0.477653 7.4200 0.0860988628452077
0 0.313064 0.582507 0.116320 0.206400 15.4100 0.1788117892782548
0 0.349678 0.558173 0.107472 0.165787 18.4500 0.21408679508006495
0 0.389267 0.527373 0.083494 0.109253 26.1100 0.3029705268043629
0 0.789730 0.737480 0.244211 0.426693 8.5300 0.09897888141100021
0 0.673366 0.598907 0.128470 0.281387 13.8500 0.160710141564168
1 0.577975 0.523760 0.010733 0.119893 26.5100 0.3076119749361801
0 0.705853 0.527467 0.107005 0.135520 25.7500 0.2987932234857275
0 0.075946 0.642333 0.151892 0.306800 10.8000 0.12531909955906242
0 0.493128 0.511600 0.028462 0.085973 36.1100 0.4190067300997911
0 0.159231 0.574400 0.130314 0.212747 15.0700 0.17486655836621023
0 0.238865 0.564853 0.091755 0.157440 19.0900 0.22151311209097235
