0 0.933583 0.562693 0.102238 0.137067 24.5100 0.28440473427709445
0 0.881481 0.555147 0.101111 0.130080 23.7400 0.27546994662334645
0 0.813708 0.555200 0.093390 0.140160 24.2300 0.28115572058482247
0 0.498917 0.500213 0.027544 0.080853 36.8400 0.42747737294035737
2 0.090205 0.720800 0.180411 0.526400 4.4100 0.05117196565328382
1 0.654010 0.598827 0.044767 0.364853 9.7300 0.11290322580645161
1 0.687657 0.601133 0.047391 0.320187 10.1700 0.11800881875145044
1 0.410821 0.559027 0.037649 0.269307 13.2300 0.15351589695985146
1 0.242407 0.518293 0.026457 0.208320 17.8000 0.20654444186586213
1 0.271804 0.528160 0.026167 0.188373 18.4100 0.21362265026688326
1 0.180185 0.505267 0.021691 0.185093 19.4100 0.22522627059642608
1 0.207246 0.504680 0.019919 0.182320 19.7000 0.2285913204919935
1 0.237174 0.508320 0.018438 0.165547 20.0300 0.23242051520074264
