0 0.503933 0.564560 0.052842 0.165707 20.1600 0.23392898584358318
0 0.905757 0.713747 0.186876 0.567173 5.7500 0.0667208168948712
0 0.648877 0.574360 0.108833 0.198533 16.6900 0.1936644233000696
0 0.597089 0.546173 0.087721 0.127440 23.2700 0.27001624506846134
0 0.132818 0.680720 0.211272 0.352587 10.9300 0.12682757020190297
0 0.362693 0.546880 0.061039 0.121440 27.9000 0.3237410071942446
0 0.102029 0.621640 0.172029 0.212080 16.3900 0.19018333720120678
0 0.218313 0.566227 0.088124 0.170320 22.6400 0.26270596426084936
0 0.437287 0.515653 0.033945 0.063947 46.6000 0.5407287073566953
0 0.317315 0.537787 0.058865 0.099040 33.0700 0.38373172429798097
0 0.390620 0.520760 0.043301 0.064347 45.8100 0.5315618472963565
0 0.029775 0.550533 0.059549 0.118453 24.8000 0.28776978417266186
0 0.526751 0.497960 0.020684 0.048507 60.2400 0.6990020886516592
0 0.235680 0.535533 0.070652 0.095973 31.9800 0.3710837781387793
