0 0.490354 0.504907 0.019275 0.060747 51.3100 0.595381759108842
0 0.893011 0.753600 0.212367 0.487467 2.0700 0.024019494082153627
0 0.438615 0.528400 0.033768 0.089867 33.2100 0.38535623114411693
0 0.645552 0.628333 0.119364 0.278267 12.3200 0.1429566024599675
0 0.593901 0.576933 0.084082 0.213493 16.8800 0.19586911116268274
0 0.570604 0.548240 0.054686 0.169227 20.7900 0.24123926665119513
0 0.545511 0.529133 0.039928 0.102533 30.4200 0.3529821304246925
0 0.524646 0.504267 0.022351 0.066187 45.7100 0.5304014852634021
0 0.349517 0.518480 0.049243 0.060853 50.3700 0.5844743559990716
0 0.285205 0.520067 0.055515 0.063440 50.2700 0.5833139939661174
1 0.619545 0.515400 0.017415 0.170533 20.9000 0.24251566488744486
