1 0.749638 0.696947 0.090982 0.595440 5.2600 0.06103504293339521
1 0.308188 0.554787 0.032206 0.272880 13.8800 0.1610582501740543
1 0.683800 0.690000 0.057166 0.512693 6.8000 0.07890461824089115
1 0.539481 0.660093 0.051731 0.460347 7.6700 0.0889997679275934
1 0.422448 0.623453 0.045894 0.377307 9.3100 0.10802970526804363
1 0.599304 0.602813 0.049380 0.368880 9.9600 0.11557205848224646
1 0.484807 0.577240 0.038921 0.312827 11.7000 0.13576235785565094
1 0.545966 0.644813 0.040258 0.383600 8.6900 0.10083546066372708
1 0.528913 0.552813 0.038647 0.286587 12.8400 0.14899048503132975
1 0.558422 0.603320 0.065910 0.352613 9.9100 0.11499187746576932
0 0.407975 0.541907 0.070604 0.175173 19.4000 0.22511023439313063
