0 0.862198 0.705600 0.273994 0.583467 2.7000 0.031329774889765606
0 0.136985 0.635893 0.273969 0.435787 9.5500 0.1108145741471339
0 0.082041 0.743640 0.164082 0.500613 7.2600 0.08424228359248084
0 0.718796 0.740480 0.215918 0.450667 8.1000 0.09398932466929681
0 0.168043 0.618707 0.215556 0.329467 11.9000 0.13808308192155952
0 0.234674 0.620613 0.174227 0.238933 13.9000 0.16129032258064516
0 0.257673 0.595493 0.175024 0.215200 16.5600 0.192155952657229
0 0.335829 0.565707 0.108921 0.132107 24.2500 0.2813877929914133
0 0.365221 0.539947 0.084662 0.131253 29.0800 0.33743327918310506
0 0.557645 0.568493 0.046997 0.122160 25.7300 0.29856115107913667
0 0.623808 0.640307 0.107279 0.262480 13.6600 0.15850545370155486
0 0.536381 0.541040 0.032182 0.094507 36.4800 0.4233000696217219
