0 0.390306 0.598747 0.115765 0.275093 12.5600 0.1457414713390578
0 0.683953 0.653213 0.170853 0.416667 9.4900 0.11011835692736133
0 0.434408 0.556893 0.090862 0.181307 17.6400 0.2046878626131353
0 0.574167 0.514907 0.038510 0.101067 30.7000 0.35623114411696444
0 0.623414 0.579773 0.087214 0.209093 15.1000 0.17521466697609653
1 0.390705 0.529440 0.015386 0.185067 19.3000 0.22394987236017636
1 0.394634 0.520160 0.010845 0.156213 22.5500 0.2616616384311905
0 0.490137 0.492640 0.024509 0.072853 44.6200 0.5177535391042004
0 0.561147 0.501533 0.027480 0.075013 43.2100 0.5013924344395451
1 0.405664 0.523733 0.010990 0.158827 21.8600 0.25365514040380593
