0 0.491059 0.553960 0.048285 0.130960 22.2100 0.257716407519146
0 0.054944 0.760867 0.109887 0.472933 5.7300 0.06648874448828035
0 0.226767 0.606293 0.136369 0.244160 13.5000 0.15664887444882802
0 0.355439 0.650547 0.134163 0.273093 11.2000 0.12996054769087953
0 0.396816 0.587507 0.070024 0.194267 16.6200 0.19285216987700163
0 0.340765 0.545133 0.082351 0.122107 23.3900 0.27140867950800646
0 0.450543 0.511960 0.022746 0.059600 44.4600 0.5158969598514737
1 0.886401 0.751653 0.165314 0.491360 4.2700 0.04954745880714782
0 0.772609 0.751093 0.300386 0.492480 6.9100 0.08018101647714086
0 0.640378 0.652360 0.136006 0.277840 11.7700 0.13657461127871895
0 0.587387 0.572947 0.071892 0.188667 17.7600 0.20608029705268044
0 0.528945 0.530360 0.031176 0.080133 35.7300 0.4145973543745648
0 0.484634 0.524173 0.030346 0.091760 33.9700 0.39417498259456946
0 0.147617 0.537587 0.083913 0.110480 25.8000 0.2993734045022047
