0 0.052315 0.795853 0.104630 0.402960 5.1400 0.05964260849385007
0 0.851699 0.738400 0.294992 0.517867 4.6200 0.05360872592248781
0 0.170362 0.692907 0.189227 0.335680 10.8300 0.1256672081689487
0 0.636216 0.590573 0.107488 0.224560 14.4500 0.16767231376189368
0 0.324907 0.574707 0.090556 0.163173 19.9900 0.2319563703875609
0 0.590382 0.557373 0.073712 0.156080 20.2300 0.2347412392666512
0 0.396316 0.520987 0.036369 0.091787 34.9000 0.40496634950104426
0 0.555833 0.521133 0.044903 0.108827 28.7700 0.3338361568809468
0 0.546550 0.516240 0.036578 0.091093 34.3900 0.39904850313297746
0 0.421719 0.488933 0.045821 0.050187 59.8300 0.6942446043165467
