0 0.106019 0.662573 0.212037 0.340560 9.2500 0.10733348804827106
0 0.169787 0.633787 0.258060 0.280053 11.4300 0.13262938036667438
0 0.212331 0.597453 0.202246 0.229040 13.8700 0.16094221397075886
0 0.837681 0.744600 0.323027 0.505467 5.4100 0.06277558598282663
0 0.589163 0.589173 0.070129 0.162400 18.9600 0.2200046414481318
0 0.287065 0.582507 0.139267 0.187947 16.3300 0.18948711998143417
0 0.338676 0.550893 0.091023 0.140880 23.5800 0.2736133673706196
0 0.639364 0.547693 0.096586 0.104453 26.2000 0.3040148526340218
0 0.371977 0.505373 0.078800 0.136560 32.7200 0.3796704571826409
0 0.400741 0.517893 0.062415 0.069653 42.4800 0.4929217915989788
0 0.416083 0.510787 0.055531 0.076613 47.5000 0.5511719656532837
