0 0.629461 0.490000 0.113269 0.133600 26.4400 0.3067997215131121
0 0.947182 0.428413 0.104026 0.106480 30.0400 0.3485727546994662
0 0.982725 0.420613 0.032939 0.124480 25.8400 0.29983754931538636
0 0.832581 0.429800 0.075064 0.077040 39.9000 0.46298445114875836
0 0.817327 0.431280 0.072995 0.072907 42.2900 0.4907171037363657
0 0.424835 0.512480 0.033599 0.089707 36.3000 0.4212114179624042
0 0.478136 0.483213 0.022617 0.058320 57.2000 0.6637270828498492
0 0.718458 0.435480 0.033341 0.067760 53.8600 0.6249709909491761
0 0.745648 0.435707 0.036900 0.062240 54.1100 0.6278718960315618
0 0.544348 0.473187 0.024605 0.056133 54.1100 0.6278718960315618
