0 0.513362 0.563733 0.065081 0.174987 16.8800 0.19586911116268274
0 0.256558 0.519960 0.068575 0.115813 28.6000 0.3318635414249246
2 0.690556 0.539813 0.069791 0.172800 19.2900 0.2238338361568809
1 0.403688 0.517947 0.015298 0.173120 21.1400 0.24530053376653516
0 0.394344 0.518400 0.072246 0.108960 29.8100 0.3459039220236713
0 0.413547 0.510907 0.066884 0.078400 36.1100 0.4190067300997911
0 0.430479 0.495640 0.049557 0.068827 43.5400 0.5052216291482943
0 0.446952 0.482253 0.036932 0.048720 56.9600 0.6609422139707588
0 0.485209 0.517733 0.035829 0.107733 29.1800 0.3385936412160594
0 0.311006 0.497320 0.039340 0.061627 48.6300 0.5642840566256672
