0 0.779819 0.743040 0.310878 0.508587 6.7000 0.07774425620793687
0 0.294779 0.662093 0.128768 0.257893 12.9900 0.1507310280807612
0 0.584050 0.574227 0.074251 0.186053 17.1000 0.19842190763518217
0 0.369291 0.570293 0.070048 0.166560 22.2600 0.2582965885356231
0 0.411280 0.533200 0.033913 0.092373 36.2700 0.420863309352518
2 0.462391 0.501907 0.007101 0.057627 63.0400 0.7314922255743791
2 0.471296 0.499053 0.006715 0.054373 63.3100 0.7346252030633558
0 0.430306 0.518920 0.024251 0.057947 52.3600 0.6075655604548619
0 0.514964 0.496000 0.015209 0.041440 72.9600 0.8466001392434438
0 0.539130 0.518920 0.036812 0.100987 32.7900 0.38048271060570893
