0 0.108019 0.631747 0.200161 0.234267 13.1300 0.15235553492689718
0 0.222367 0.573813 0.130902 0.176693 18.5600 0.21536319331631465
0 0.258651 0.551613 0.114018 0.150373 21.5000 0.24947783708517055
0 0.280717 0.547253 0.107472 0.124267 24.0500 0.27906706892550476
0 0.306538 0.529947 0.099356 0.128747 27.0100 0.31341378510095147
0 0.328007 0.532573 0.079412 0.102427 29.9800 0.34787653747969366
0 0.348120 0.520120 0.057512 0.090053 37.2200 0.43188674866558363
0 0.365411 0.520307 0.060467 0.070320 40.6300 0.47145509398932467
0 0.374823 0.503293 0.052673 0.078960 42.9000 0.4977953121373868
0 0.386272 0.503347 0.052738 0.070693 45.7700 0.5310977024831748
0 0.393853 0.500907 0.049895 0.063893 50.4200 0.5850545370155488
