0 0.497496 0.530507 0.048180 0.129760 22.1900 0.2574843351125551
0 0.175886 0.664680 0.205201 0.330960 10.3500 0.12009747041076814
0 0.258474 0.615693 0.152005 0.231867 13.2700 0.15398004177303318
0 0.327436 0.543120 0.087271 0.147413 21.1800 0.24576467857971684
0 0.415833 0.565387 0.069203 0.145387 18.8900 0.2191923880250638
0 0.382254 0.519373 0.062287 0.090320 30.9600 0.35924808540264563
0 0.616091 0.582173 0.103535 0.228027 14.4500 0.16767231376189368
0 0.581232 0.551653 0.070064 0.148533 19.3700 0.22476212578324437
0 0.561296 0.511560 0.046554 0.128240 25.3000 0.29357159433743324
0 0.528152 0.496360 0.025306 0.064560 43.3900 0.5034810860988628
0 0.038474 0.660573 0.076948 0.270587 10.0600 0.11673242051520073
0 0.494501 0.507627 0.031063 0.093867 33.2300 0.3855883035507078
0 0.023696 0.566587 0.047391 0.153973 16.8400 0.19540496634950102
