0 0.487246 0.508907 0.023736 0.074773 42.0100 0.4874680900440937
0 0.846614 0.750547 0.305161 0.493573 3.9100 0.04537015548851241
0 0.713309 0.694107 0.195926 0.435947 8.6700 0.10060338825713622
1 0.611783 0.526213 0.016369 0.154933 20.8200 0.24158737526108146
0 0.568796 0.544347 0.057770 0.142827 22.3300 0.25910884195869105
0 0.546626 0.532440 0.039034 0.115067 27.6400 0.32072406590856345
0 0.528043 0.498160 0.024074 0.077120 45.9500 0.5331863541424925
0 0.305749 0.569453 0.064573 0.122853 23.9800 0.27825481550243675
0 0.337379 0.541920 0.050330 0.107627 29.6400 0.3439313065676491
0 0.367995 0.525827 0.038905 0.083547 37.2900 0.43269900208865164
