0 0.628414 0.631680 0.120064 0.254720 12.8200 0.1487584126247389
0 0.113309 0.699573 0.226618 0.361920 8.7600 0.10164771408679507
0 0.156280 0.642533 0.231224 0.285173 11.2400 0.13042469250406125
0 0.194130 0.622480 0.200370 0.228907 13.3500 0.15490833139939658
0 0.247882 0.596733 0.160032 0.197947 15.6400 0.18148062195404965
0 0.555165 0.558813 0.060974 0.136880 22.6000 0.26224181944766767
0 0.355121 0.548307 0.101256 0.114693 26.2100 0.3041308888373172
0 0.537528 0.528240 0.037327 0.084800 33.3600 0.3870967741935484
0 0.355242 0.539840 0.079710 0.108107 28.8300 0.3345323741007194
0 0.362508 0.519240 0.066562 0.109893 31.1200 0.36110466465537244
0 0.518688 0.499893 0.022657 0.067520 52.8100 0.6127871896031561
