1 0.556405 0.469907 0.014936 0.150267 22.5100 0.2611974936180088
1 0.235048 0.523053 0.031916 0.320027 11.7300 0.13611046646553723
1 0.550934 0.581867 0.053575 0.396213 9.0000 0.10443258296588535
1 0.608345 0.557600 0.046546 0.412373 9.1600 0.1062891622186122
1 0.505233 0.520013 0.030515 0.292293 12.2300 0.14191227663030864
1 0.477661 0.526707 0.032520 0.297627 12.0600 0.13993966117428638
1 0.557472 0.513787 0.048341 0.268320 13.1000 0.1520074263170109
1 0.591296 0.506947 0.024042 0.252667 13.2000 0.15316778834996517
1 0.971510 0.622680 0.026385 0.210320 17.2900 0.2006265954977953
1 0.389996 0.525347 0.027206 0.297733 11.9300 0.13843119053144579
1 0.402609 0.520147 0.019678 0.248400 12.8100 0.14864237642144348
1 0.432395 0.504880 0.025870 0.275893 13.1500 0.15258760733348803
1 0.461522 0.523000 0.015314 0.229147 13.2900 0.15421211417962402
1 0.443603 0.504320 0.022246 0.243520 14.2200 0.16500348108609886
1 0.373897 0.482453 0.017762 0.193067 17.9100 0.20782084010211185
1 0.428949 0.479680 0.014952 0.176427 18.3900 0.2133905778602924
