2 0.678712 0.591667 0.051063 0.227813 15.9000 0.1844975632397308
2 0.504573 0.598400 0.042882 0.245013 14.0600 0.163146901833372
1 0.542649 0.543147 0.010998 0.096853 35.6500 0.41366906474820136
1 0.157560 0.539160 0.015024 0.147280 25.5200 0.2961243908099327
1 0.174412 0.533507 0.018519 0.126213 25.2200 0.2926433047110698
2 0.499368 0.536773 0.027544 0.103040 34.8300 0.40415409607797625
1 0.291747 0.545387 0.014493 0.133813 26.7000 0.30981666279879316
1 0.283575 0.541973 0.014493 0.113333 27.5600 0.3197957762822
1 0.501180 0.530027 0.009928 0.109280 31.0600 0.36040844743559985
1 0.517733 0.549133 0.014227 0.109413 31.0700 0.36052448363889533
