0 0.867448 0.729480 0.263494 0.535707 3.2200 0.037363657461127874
0 0.048434 0.696600 0.096868 0.601467 6.5500 0.07600371315850545
0 0.096981 0.678373 0.193961 0.336800 9.1600 0.1062891622186122
0 0.200370 0.630693 0.210209 0.255520 11.8900 0.1379670457182641
0 0.261228 0.601267 0.175370 0.226800 14.1200 0.16384311905314455
0 0.283366 0.579747 0.129469 0.205040 16.6100 0.19273613367370618
0 0.302556 0.562267 0.150588 0.180267 18.9300 0.21965653283824552
0 0.306027 0.551787 0.103003 0.150080 21.4500 0.2488976560686934
0 0.338905 0.542773 0.100902 0.130027 23.8100 0.27628220004641446
0 0.370089 0.527560 0.078647 0.108667 30.8600 0.3580877233696913
0 0.376957 0.506067 0.082013 0.125680 33.4500 0.38814110002320723
2 0.462021 0.501880 0.007407 0.062053 50.4000 0.5848224646089579
0 0.596542 0.586533 0.073502 0.185173 16.4500 0.1908795544209793
0 0.666759 0.542507 0.118961 0.158027 21.5700 0.2502900905082385
0 0.590539 0.508293 0.065105 0.096160 37.0100 0.4294499883963796
0 0.523531 0.509053 0.022713 0.056933 50.4000 0.5848224646089579
