0 0.502512 0.549280 0.057971 0.181440 18.5400 0.2151311209097238
0 0.885660 0.700560 0.227069 0.593547 6.9400 0.08052912508702716
0 0.609501 0.521973 0.100354 0.150400 21.1100 0.24495242515664886
0 0.564489 0.486800 0.058414 0.080907 38.6600 0.44859596194012524
0 0.547733 0.482907 0.039944 0.061227 49.5900 0.5754235321420283
0 0.167037 0.555907 0.124783 0.184773 19.7800 0.22951961011835692
0 0.250250 0.537320 0.075684 0.130693 26.2600 0.30471106985379437
0 0.302271 0.527133 0.052238 0.084720 33.0100 0.3830355070782083
0 0.370217 0.496000 0.033559 0.060000 49.4600 0.5739150614991877
0 0.385056 0.485907 0.024879 0.065307 55.8900 0.648526340218148
0 0.408394 0.482240 0.024501 0.047413 66.2100 0.7682757020190298
0 0.893647 0.529893 0.109968 0.092853 29.4500 0.34172661870503596
0 0.181240 0.533093 0.060709 0.107520 27.9300 0.32408911580413086
