0 0.956727 0.683120 0.084936 0.557280 3.9800 0.04618240891158041
0 0.133124 0.764453 0.266248 0.465760 4.9300 0.05720584822464608
0 0.325676 0.672187 0.138502 0.307627 11.1900 0.1298445114875841
0 0.383426 0.602227 0.091892 0.206213 15.9900 0.18554188906938965
0 0.614187 0.587133 0.074847 0.224560 15.5400 0.18032025992109535
0 0.897403 0.607587 0.203583 0.391493 8.1100 0.09410536087259223
0 0.422866 0.539880 0.046441 0.134907 26.0500 0.3022743095845904
0 0.430785 0.536440 0.051570 0.099600 31.0600 0.36040844743559985
0 0.400016 0.487187 0.051079 0.057627 56.0200 0.6500348108609886
0 0.623281 0.550533 0.071345 0.160800 19.8700 0.23056393594801577
0 0.661180 0.524600 0.073551 0.140827 23.6600 0.274541656996983
0 0.825089 0.495573 0.081530 0.113493 28.0600 0.3255975864469714
0 0.778820 0.476027 0.068752 0.077013 37.4100 0.4340914365281967
