0 0.056526 0.744067 0.113052 0.506533 5.8600 0.0679972151311209
0 0.528196 0.523133 0.030580 0.072667 37.7500 0.43803666744024133
0 0.373301 0.527480 0.085153 0.102533 31.2100 0.3621489904850313
0 0.638732 0.553200 0.108446 0.133280 23.1800 0.2689719192388025
0 0.279034 0.559880 0.153156 0.205573 17.8900 0.20758876769552098
0 0.258003 0.584907 0.182480 0.203200 15.4400 0.17915989788814107
0 0.231860 0.616293 0.202351 0.241440 12.9200 0.14991877465769318
0 0.155479 0.641707 0.232424 0.290347 10.8300 0.1256672081689487
0 0.122516 0.704373 0.245032 0.406133 8.2300 0.09549779531213738
0 0.773285 0.612107 0.184461 0.244853 13.4500 0.15606869343235089
0 0.836912 0.646840 0.228833 0.274480 11.1800 0.12972847528428869
