0 0.657971 0.510320 0.144155 0.168853 21.1400 0.24530053376653516
0 0.982762 0.418680 0.032866 0.124987 25.0000 0.2900905082385704
0 0.872379 0.428347 0.087351 0.088160 34.8300 0.40415409607797625
0 0.850093 0.437467 0.084018 0.082507 37.2500 0.4322348572754699
0 0.403015 0.522227 0.040829 0.106693 30.8800 0.35831979577628215
0 0.461965 0.495973 0.028470 0.075307 44.8000 0.5198421907635181
0 0.652593 0.458107 0.076924 0.097227 39.4800 0.45811093061035035
0 0.732343 0.437453 0.038164 0.074747 48.7400 0.5655604548619169
0 0.762782 0.434733 0.041393 0.068720 49.0500 0.5691575771640751
0 0.541095 0.481320 0.028341 0.062533 48.8100 0.5663727082849849
