0 0.109899 0.719853 0.219799 0.460080 7.3100 0.08482246460895798
0 0.129420 0.652493 0.242963 0.362107 9.7200 0.11278718960315619
0 0.188273 0.614960 0.250588 0.290133 12.0600 0.13993966117428638
0 0.220346 0.581907 0.160612 0.225147 14.5600 0.1689487119981434
0 0.274758 0.581213 0.148502 0.186480 16.9600 0.19679740078904617
0 0.288599 0.565093 0.146876 0.165227 19.4700 0.2259224878161986
0 0.329972 0.529560 0.104243 0.140987 23.9900 0.27837085170573217
0 0.344654 0.518373 0.105491 0.159573 26.5400 0.30796008354606635
2 0.451006 0.514293 0.009501 0.077120 40.7100 0.47238338361568805
0 0.674871 0.683533 0.153172 0.347867 9.7000 0.11255511719656532
0 0.746333 0.580333 0.184356 0.235227 14.7200 0.17080529125087027
0 0.669191 0.561040 0.110556 0.151573 19.9500 0.23149222557437918
0 0.616377 0.535120 0.096779 0.105440 27.9800 0.324669296820608
0 0.610378 0.522520 0.080853 0.118427 30.2200 0.3506614063587839
0 0.388349 0.517907 0.072560 0.080080 37.8000 0.43861684845671844
0 0.401860 0.519400 0.062947 0.074160 40.4500 0.46936644233000696
0 0.525515 0.512440 0.026634 0.066320 43.5600 0.5054537015548851
