0 0.132834 0.757600 0.265668 0.479467 6.1900 0.07182640983987004
0 0.283229 0.651587 0.165684 0.315280 11.4500 0.13286145277326525
0 0.908861 0.511747 0.118655 0.238640 15.5300 0.18020422371779993
0 0.798152 0.528080 0.107110 0.189387 17.0700 0.19807379902529587
0 0.742464 0.518827 0.089936 0.165067 19.6000 0.2274309584590392
0 0.719867 0.514773 0.088929 0.139573 22.8500 0.2651427245300534
0 0.695298 0.508613 0.085620 0.129813 25.6300 0.2974007890461824
0 0.678885 0.509680 0.085548 0.107413 28.6300 0.33221165003481085
0 0.585713 0.560800 0.072923 0.191253 17.9800 0.20863309352517984
0 0.565165 0.544640 0.049300 0.120213 24.0000 0.2784868879090276
0 0.395556 0.543893 0.064509 0.148373 22.5600 0.2617776746344859
0 0.615535 0.487587 0.063180 0.092027 37.2900 0.43269900208865164
