1 0.560849 0.471507 0.014098 0.153413 22.0100 0.25539568345323743
1 0.235982 0.524360 0.030773 0.320187 11.6600 0.13529821304246925
1 0.764646 0.683227 0.080306 0.601547 6.1600 0.07147830122998375
1 0.746973 0.622907 0.064541 0.516267 7.1400 0.08284984915293571
1 0.677174 0.664920 0.113172 0.595067 6.3400 0.07356695288930146
1 0.696791 0.680947 0.077705 0.606107 5.5900 0.06486423764214434
1 0.471622 0.504787 0.031779 0.254587 13.7000 0.15896959851473658
1 0.501337 0.489747 0.032142 0.263813 14.0200 0.16268275702019028
1 0.466316 0.486413 0.026707 0.221360 16.0000 0.18565792527268507
1 0.439440 0.493333 0.029155 0.228107 15.5000 0.17985611510791366
1 0.492218 0.479493 0.027882 0.185013 17.8300 0.2068925504757484
1 0.366473 0.492973 0.020483 0.231973 15.1600 0.1759108841958691
1 0.387013 0.492267 0.017633 0.197280 16.0000 0.18565792527268507
1 0.403164 0.476720 0.020725 0.220533 16.3300 0.18948711998143417
1 0.427250 0.498573 0.017367 0.183227 16.5100 0.19157577164075193
