0 0.925596 0.830147 0.147198 0.334373 0.9100 0.010559294499883963
0 0.388506 0.611347 0.091119 0.245147 14.8800 0.17266187050359713
0 0.746059 0.781853 0.228478 0.430960 6.7800 0.07867254583430029
0 0.619835 0.651707 0.102118 0.281760 13.0000 0.15084706428405661
0 0.571099 0.599573 0.068929 0.185387 18.3900 0.2133905778602924
0 0.415560 0.594187 0.056385 0.166827 20.3000 0.23555349268971917
0 0.551969 0.565813 0.050008 0.131200 25.1000 0.2912508702715247
0 0.534469 0.549773 0.038873 0.104773 30.0200 0.34834068229287535
0 0.448317 0.535920 0.027907 0.079627 40.5200 0.47017869575307497
0 0.460431 0.521013 0.025064 0.084000 46.1300 0.5352750058018102
0 0.470862 0.520880 0.023543 0.071413 52.0700 0.6042005105592945
