0 0.138422 0.774067 0.276844 0.446533 3.5500 0.041192852169876996
0 0.813442 0.665053 0.371506 0.449680 7.6800 0.08911580413088882
0 0.088800 0.777600 0.177601 0.439467 7.2800 0.0844743559990717
0 0.616192 0.550467 0.163945 0.222320 15.7500 0.18275702019029935
0 0.206868 0.665813 0.155700 0.295627 11.9900 0.13912740775121837
0 0.533321 0.517747 0.033712 0.096880 33.1000 0.38407983290786724
0 0.519843 0.509947 0.030733 0.093333 38.0800 0.44186586214899043
1 0.470837 0.486240 0.006844 0.056107 65.6300 0.761545602227895
1 0.474211 0.488480 0.005636 0.054507 66.4000 0.770480389881643
0 0.446663 0.488427 0.014082 0.049280 75.1800 0.872360176375029
