0 0.496341 0.526280 0.034404 0.107760 29.9800 0.34787653747969366
0 0.079960 0.616187 0.159919 0.245387 14.7600 0.17126943606405196
0 0.739159 0.616827 0.169847 0.332107 10.6300 0.12334648410304015
0 0.689593 0.578320 0.147335 0.235573 14.1800 0.16453933627291714
0 0.628345 0.562467 0.115725 0.175760 17.7000 0.20538407983290785
0 0.603792 0.537080 0.098293 0.161147 21.0000 0.24367602692039914
0 0.595511 0.529973 0.090250 0.126453 24.6400 0.285913204919935
0 0.580793 0.520173 0.079992 0.119067 28.2400 0.3276862381062891
0 0.433269 0.501813 0.017262 0.042613 64.8700 0.7527268507774425
0 0.539356 0.493547 0.042802 0.053173 52.8700 0.6134834068229287
0 0.405978 0.494947 0.019348 0.045573 73.4000 0.8517057321884428
