0 0.493253 0.538987 0.045169 0.121813 23.5500 0.2732652587607333
0 0.225250 0.650053 0.180580 0.317813 10.8800 0.12624738918542586
0 0.301244 0.582667 0.149138 0.288053 13.8400 0.16059410536087257
0 0.361220 0.556547 0.107335 0.145733 20.8000 0.24135530285449058
0 0.371055 0.540493 0.094219 0.129147 24.1300 0.27999535855186813
0 0.397532 0.514093 0.065805 0.089307 31.9000 0.3701554885124158
0 0.414936 0.509387 0.057037 0.079627 37.8100 0.4387328846600139
0 0.542480 0.507867 0.027069 0.069440 41.3900 0.4802738454397772
0 0.488792 0.509613 0.029227 0.085093 36.5000 0.4235321420283128
0 0.057935 0.652787 0.115870 0.302533 10.2400 0.11882107217451844
0 0.074283 0.555080 0.143897 0.157627 20.3700 0.23636574611278718
0 0.173349 0.523267 0.079050 0.128240 27.3100 0.3168948711998143
