0 0.495318 0.527867 0.036304 0.113760 28.5000 0.33070317939197025
0 0.887415 0.742173 0.223559 0.510320 5.3600 0.0621954049663495
0 0.775596 0.661973 0.226634 0.455253 8.7600 0.10164771408679507
0 0.705060 0.607307 0.151683 0.269813 12.4800 0.14481318171269436
0 0.656216 0.569000 0.136264 0.193787 16.1000 0.18681828730563937
0 0.414501 0.505920 0.023108 0.049653 55.8000 0.6474820143884892
0 0.326574 0.562827 0.064372 0.129173 23.1000 0.26804362961243905
0 0.588088 0.523040 0.085564 0.115947 26.8000 0.3109770248317475
0 0.562069 0.510400 0.066055 0.085707 33.5700 0.38953353446275235
0 0.370342 0.502013 0.029106 0.062640 54.0200 0.6268275702019029
0 0.384448 0.498747 0.023857 0.054080 60.5200 0.7022511023439313
0 0.347802 0.499347 0.018696 0.046960 62.0500 0.7200046414481317
