1 0.042456 0.506120 0.031256 0.148133 23.7800 0.2759340914365282
1 0.398370 0.481533 0.010668 0.098747 36.7800 0.4267811557205848
0 0.375990 0.469507 0.044203 0.112240 40.1000 0.46530517521466697
0 0.405914 0.474760 0.043873 0.083440 42.4000 0.4919935019726154
0 0.448696 0.473587 0.051948 0.072560 43.4100 0.5037131585054536
0 0.588168 0.462107 0.038688 0.062507 48.9800 0.5683453237410071
0 0.621320 0.458067 0.042158 0.066533 50.9200 0.5908563471803202
0 0.647085 0.465520 0.048229 0.052853 54.7800 0.6356463216523555
0 0.670044 0.464093 0.035757 0.053253 55.2100 0.6406358783940589
0 0.690024 0.466800 0.039630 0.050293 55.8300 0.6478301229983754
0 0.711554 0.461787 0.046554 0.052533 56.5900 0.656648874448828
0 0.767625 0.454693 0.044461 0.049973 60.8100 0.7056161522394987
0 0.785193 0.455413 0.039002 0.045760 62.1000 0.7205848224646089
