0 0.916268 0.769853 0.165853 0.454960 2.4600 0.028544906010675327
0 0.693684 0.605893 0.257480 0.341653 10.5900 0.12288233928985842
0 0.090153 0.769147 0.180306 0.456373 7.0700 0.08203759572986771
1 0.850890 0.522840 0.023084 0.207920 15.2500 0.17695521002552794
1 0.600624 0.514387 0.013953 0.131173 24.7700 0.28742167556277554
0 0.548639 0.537267 0.041208 0.115920 27.9300 0.32408911580413086
0 0.533965 0.522547 0.036546 0.109147 32.8500 0.3811789278254815
1 0.481606 0.492107 0.007786 0.061280 60.1100 0.6974936180088187
1 0.485813 0.495280 0.006715 0.059680 60.7600 0.7050359712230215
0 0.449147 0.495707 0.015266 0.052960 70.1100 0.8135298213042469
