0 0.457174 0.540773 0.038551 0.101547 28.1900 0.327106057089812
0 0.150024 0.780853 0.300048 0.432960 2.7300 0.031677883499651886
0 0.088965 0.730893 0.177931 0.468347 8.4700 0.09828266419122766
0 0.279891 0.579373 0.122053 0.157360 19.1500 0.2222093293107449
0 0.321779 0.556360 0.090258 0.144880 22.2400 0.2580645161290322
0 0.361184 0.539693 0.077246 0.099973 28.9400 0.3358087723369691
0 0.382991 0.535760 0.057448 0.086933 31.8900 0.37003945230912044
0 0.606522 0.632587 0.112206 0.270080 12.5200 0.14527732652587605
0 0.575209 0.590640 0.064010 0.174240 16.7700 0.19459271292643301
0 0.546481 0.559640 0.057150 0.138907 21.7400 0.2522627059642608
0 0.184404 0.550867 0.072432 0.105520 29.6100 0.34358319795776276
0 0.467130 0.522747 0.028800 0.082133 37.7700 0.43826873984683223
