0 0.497371 0.531493 0.042987 0.115733 24.6700 0.2862613135298213
0 0.198877 0.643347 0.150620 0.283440 11.5300 0.13378974239962865
0 0.262528 0.588160 0.139758 0.236053 14.5100 0.16836853098166626
0 0.330278 0.546040 0.094581 0.130640 22.3500 0.25934091436528195
0 0.430193 0.553293 0.053462 0.128240 21.7900 0.252842886980738
0 0.446828 0.532293 0.043221 0.111467 26.8400 0.3114411696449292
0 0.385447 0.512747 0.074163 0.098667 32.6200 0.37851009514968664
0 0.626832 0.615600 0.106240 0.243840 12.9900 0.1507310280807612
1 0.663148 0.542133 0.017713 0.200533 17.4900 0.20294731956370385
0 0.537826 0.505120 0.029565 0.081013 36.6500 0.4252726850777442
0 0.491494 0.507293 0.028156 0.085093 36.4700 0.4231840334184265
0 0.197665 0.524907 0.068567 0.102027 29.2600 0.3395219308424228
