0 0.478631 0.545600 0.046457 0.125387 22.9600 0.2664191227663031
0 0.188494 0.759467 0.322770 0.475733 6.0200 0.06985379438384776
0 0.327130 0.666093 0.136659 0.307653 10.8500 0.12589928057553956
0 0.217126 0.630520 0.140725 0.242053 12.7700 0.14817823160826177
0 0.327347 0.548400 0.086594 0.125227 23.5500 0.2732652587607333
0 0.347504 0.533920 0.080467 0.122507 26.3900 0.3062195404966349
0 0.372798 0.522880 0.057963 0.082827 34.3600 0.39870039452309114
0 0.437862 0.516240 0.033792 0.079307 33.7800 0.3919702947319563
0 0.397637 0.502813 0.055386 0.071013 44.5400 0.516825249477837
0 0.750874 0.727067 0.248285 0.540533 7.0800 0.08215363193316313
0 0.543756 0.537760 0.046337 0.114987 25.1700 0.2920631236945927
1 0.590137 0.505867 0.009130 0.116267 29.9100 0.34706428405662565
0 0.130439 0.550787 0.098140 0.116773 24.9700 0.2897423996286841
0 0.482633 0.514720 0.029227 0.088373 35.2100 0.40856347180320257
