0 0.133494 0.761720 0.266989 0.471227 5.1400 0.05964260849385007
0 0.958253 0.559000 0.081884 0.316720 10.4600 0.12137386864701787
0 0.882802 0.532640 0.132609 0.258400 13.0300 0.15119517289394288
0 0.821844 0.524520 0.122850 0.202160 16.2300 0.18832675794847992
0 0.776324 0.512080 0.115016 0.178987 18.9900 0.22035275005801808
0 0.744529 0.513360 0.109960 0.140747 22.0900 0.2563239730796008
0 0.655145 0.619667 0.132641 0.318640 11.5400 0.1339057786029241
0 0.604424 0.567773 0.072568 0.170160 17.4400 0.20236713854722674
0 0.365612 0.578307 0.099243 0.214800 16.1600 0.1875145045254119
0 0.649577 0.477667 0.078527 0.112347 30.7000 0.35623114411696444
0 0.441582 0.516760 0.039654 0.101307 32.8200 0.38083081921559525
0 0.480805 0.490707 0.051948 0.062320 55.2600 0.641216059410536
