0 0.502013 0.563040 0.052576 0.143307 20.4800 0.23764214434903688
0 0.140978 0.730040 0.236192 0.534587 7.4900 0.0869111162682757
0 0.242250 0.641733 0.187303 0.305173 10.7300 0.12450684613599443
0 0.303841 0.605147 0.161739 0.228480 13.7700 0.1597818519378046
0 0.378961 0.553720 0.091369 0.150427 21.1100 0.24495242515664886
0 0.424771 0.515040 0.061860 0.082667 34.4100 0.39928057553956825
0 0.640161 0.602093 0.096264 0.195387 16.0100 0.18577396147598052
0 0.596224 0.541187 0.062705 0.151547 23.5200 0.27291715015084705
1 0.560322 0.538947 0.016908 0.127227 23.8600 0.27686238106289157
0 0.498370 0.523227 0.030878 0.093280 33.4300 0.38790902761661633
0 0.171345 0.518813 0.092319 0.118107 26.3900 0.3062195404966349
