0 0.486590 0.499173 0.019412 0.061173 50.9800 0.5915525644000927
0 0.423994 0.534880 0.043124 0.110720 27.2200 0.31585054537015544
0 0.703249 0.691587 0.186111 0.403067 9.0900 0.1054769087955442
0 0.617403 0.603840 0.110717 0.272853 13.6300 0.1581573450916686
0 0.582838 0.561720 0.066578 0.203173 17.5400 0.203527500580181
0 0.548816 0.530587 0.045395 0.115680 27.1700 0.31527036435367833
0 0.525020 0.506693 0.024291 0.071467 42.4700 0.4928057553956834
0 0.538820 0.520347 0.035225 0.100640 32.2900 0.37468090044093755
0 0.336594 0.520453 0.053221 0.065173 47.0600 0.546066372708285
0 0.268450 0.521613 0.059960 0.067973 46.9600 0.5449060106753306
1 0.630636 0.524533 0.018519 0.196640 18.1700 0.210837781387793
