0 0.294231 0.649867 0.167480 0.341387 10.3300 0.1198653980041773
2 0.936574 0.449747 0.075902 0.199920 18.1000 0.21002552796472498
1 0.487452 0.515453 0.030539 0.207067 17.1200 0.19865398004177304
2 0.710229 0.460547 0.038897 0.114373 28.9100 0.33546066372708283
1 0.332234 0.535160 0.027496 0.238000 14.6700 0.17022511023439313
2 0.723506 0.459453 0.023680 0.133893 25.2100 0.2925272685077744
1 0.145419 0.560293 0.022319 0.173173 19.1000 0.2216291482942678
1 0.129263 0.567293 0.023277 0.167653 18.5800 0.21559526572290552
2 0.270515 0.554267 0.071481 0.215840 15.6200 0.18124854954745878
1 0.149952 0.561560 0.029485 0.175547 17.6300 0.20457182640983984
1 0.116200 0.570760 0.035185 0.221307 15.8600 0.18403341842654905
1 0.229634 0.542693 0.021264 0.215893 17.3800 0.20167092132745415
0 0.970878 0.407693 0.027649 0.115493 26.0600 0.30239034578788576
0 0.917581 0.445213 0.114952 0.099387 26.1400 0.30331863541424925
