0 0.054118 0.799360 0.108237 0.395947 5.7500 0.0667208168948712
0 0.151188 0.720560 0.199364 0.346667 10.5800 0.122766303086563
0 0.273873 0.623453 0.110966 0.200720 16.4500 0.1908795544209793
0 0.902504 0.502800 0.193382 0.280640 12.2300 0.14191227663030864
0 0.849223 0.485520 0.150395 0.240107 14.8500 0.1723137618937108
0 0.788945 0.489360 0.145717 0.201493 17.1600 0.19911812485495473
0 0.731510 0.492667 0.127351 0.161280 19.9800 0.23184033418426547
0 0.347927 0.569040 0.068655 0.130613 24.0100 0.278602924112323
0 0.596924 0.556667 0.078132 0.175627 18.2600 0.21188210721745185
0 0.570519 0.533040 0.052311 0.140213 23.8100 0.27628220004641446
