0 0.564767 0.549160 0.053784 0.129360 22.4500 0.2605012763982362
0 0.513760 0.503613 0.022029 0.057200 51.4400 0.5968902297516825
0 0.149505 0.756213 0.299010 0.487573 6.4200 0.07449524251566488
0 0.067114 0.672107 0.134227 0.325227 9.9300 0.11522394987236016
0 0.357935 0.559200 0.072069 0.164747 19.5900 0.22731492225574376
0 0.247033 0.560640 0.088317 0.148427 20.4900 0.2377581805523323
0 0.406345 0.524653 0.039066 0.086320 32.3800 0.3757252262705964
0 0.431296 0.513707 0.022448 0.064107 43.4000 0.5035971223021583
0 0.484207 0.511840 0.025338 0.078773 40.7400 0.47273149222557437
0 0.387399 0.509493 0.028824 0.061333 46.7500 0.5424692504061267
