0 0.987452 0.631840 0.023486 0.730987 3.0500 0.03539104200510559
0 0.268728 0.644960 0.137359 0.291413 12.9300 0.1500348108609886
0 0.181184 0.742973 0.362367 0.508720 5.3800 0.062427477372940354
0 0.785902 0.455413 0.154348 0.183467 21.3300 0.24750522162914826
0 0.876429 0.441680 0.076916 0.121067 30.5900 0.35495474588071474
0 0.918824 0.442027 0.087327 0.109973 30.9400 0.35901601299605473
0 0.378357 0.557160 0.056522 0.122587 24.9800 0.28985843583197957
0 0.341300 0.591320 0.086079 0.183813 19.1500 0.2222093293107449
0 0.570185 0.518187 0.044509 0.101760 30.8600 0.3580877233696913
0 0.400982 0.542347 0.041465 0.103573 31.1400 0.3613367370619633
0 0.509481 0.522160 0.028833 0.076640 42.1400 0.4889765606869343
0 0.580274 0.505747 0.074155 0.086373 34.9900 0.4060106753307032
0 0.498909 0.485227 0.033486 0.042187 78.3000 0.9085634718032025
