0 0.121465 0.757267 0.242931 0.453467 3.3600 0.03898816430726386
1 0.843382 0.570307 0.084541 0.407973 8.8500 0.10269203991645393
1 0.538740 0.613200 0.056626 0.401280 8.5800 0.09955906242747736
1 0.539066 0.630867 0.066554 0.450427 7.9000 0.09166860060338826
2 0.811329 0.487920 0.029195 0.184213 18.5700 0.2154792295196101
1 0.164412 0.600973 0.037842 0.283547 11.7700 0.13657461127871895
1 0.159928 0.610320 0.027375 0.278720 11.2400 0.13042469250406125
2 0.709545 0.567933 0.099734 0.292507 11.4400 0.13274541656996983
0 0.373667 0.489533 0.027657 0.066000 44.0900 0.5116036203295428
0 0.834754 0.460840 0.101812 0.105093 28.6600 0.3325597586446971
