1 0.491787 0.503880 0.020934 0.150427 22.6200 0.2624738918542585
1 0.506337 0.503027 0.020129 0.163440 21.8300 0.25330703179391967
1 0.082729 0.693920 0.104396 0.601493 5.3500 0.06207936876305407
1 0.163728 0.582813 0.033285 0.301147 11.6700 0.13541424924576467
1 0.202190 0.607773 0.039179 0.377893 9.7700 0.11336737061963331
1 0.654179 0.589827 0.047504 0.413840 8.7200 0.10118356927361337
1 0.882468 0.640440 0.105741 0.613147 6.2300 0.07229055465305174
1 0.297810 0.525693 0.019324 0.178533 19.1800 0.2225574379206312
1 0.421993 0.502240 0.014758 0.159360 22.1700 0.25725226270596424
0 0.336590 0.512627 0.103873 0.266640 17.6200 0.20445579020654445
