0 0.845656 0.776520 0.307077 0.441627 3.6300 0.04212114179624042
0 0.896377 0.734893 0.205636 0.372560 8.5100 0.09874680900440937
0 0.779710 0.646320 0.240338 0.246560 12.8900 0.14957066604780692
0 0.244231 0.607600 0.186288 0.215520 15.2000 0.1763750290090508
0 0.526115 0.543987 0.023728 0.060240 46.9600 0.5449060106753306
0 0.404654 0.541107 0.064364 0.079120 40.6100 0.47122302158273377
0 0.602295 0.558627 0.075684 0.095493 32.4300 0.3763054072870735
0 0.346832 0.568893 0.111071 0.136880 22.3400 0.2592248781619865
0 0.297327 0.598747 0.152222 0.182507 17.5900 0.20410768159665815
0 0.661651 0.577893 0.102222 0.141493 22.8400 0.2650266883267579
0 0.683184 0.593520 0.115081 0.144533 20.5000 0.23787421675562773
