0 0.258994 0.740067 0.249291 0.514533 7.3600 0.08540264562543513
0 0.819585 0.750227 0.359219 0.494213 5.4300 0.06300765838941749
0 0.625761 0.671507 0.136127 0.338427 10.8300 0.1256672081689487
0 0.359489 0.621707 0.096465 0.276053 12.6400 0.1466697609654212
0 0.390443 0.579400 0.072013 0.176613 17.7700 0.20619633325597583
0 0.574622 0.575760 0.075668 0.190133 17.5300 0.2034114643768856
0 0.545181 0.547187 0.054018 0.140027 22.5200 0.26131352982130424
0 0.433156 0.524107 0.035523 0.097120 32.9700 0.38257136226502664
0 0.448792 0.503067 0.030741 0.101333 38.6100 0.44801578092364813
0 0.461876 0.501880 0.027987 0.083600 44.5300 0.5167092132745417
