1 0.554050 0.469360 0.012480 0.150667 22.4300 0.2602692039916454
1 0.233571 0.523680 0.031940 0.320533 11.7300 0.13611046646553723
1 0.600527 0.646653 0.052069 0.512720 7.0800 0.08215363193316313
1 0.675717 0.615040 0.050998 0.523627 7.3300 0.08505453701554884
1 0.538124 0.543467 0.033543 0.335787 10.7200 0.124390809932699
1 0.509847 0.542560 0.038647 0.332213 10.8700 0.1261313529821304
1 0.592927 0.531840 0.053422 0.314400 11.2600 0.13065676491065212
1 0.638925 0.535707 0.028446 0.295680 11.3700 0.13193316314690182
1 0.909436 0.587653 0.034090 0.208053 17.4600 0.20259921095381758
1 0.402424 0.544427 0.031401 0.329387 10.8400 0.12578324437224414
1 0.409328 0.538773 0.024694 0.277013 11.5400 0.1339057786029241
1 0.443285 0.522387 0.027649 0.307653 11.8400 0.13738686470178693
1 0.475684 0.542240 0.025491 0.252213 12.1200 0.14063587839405892
1 0.474493 0.513360 0.037359 0.268693 12.9200 0.14991877465769318
1 0.378897 0.490213 0.020403 0.209013 16.5700 0.19227198886052446
1 0.434219 0.488867 0.015298 0.192453 16.9000 0.19610118356927358
1 0.459891 0.478720 0.017448 0.207093 17.1300 0.19877001624506843
1 0.499461 0.479560 0.028969 0.197840 17.2200 0.19981434207472729
