0 0.500185 0.534640 0.044316 0.138773 23.6900 0.27488976560686934
0 0.954823 0.721227 0.088744 0.552213 4.2800 0.04966349501044326
0 0.710221 0.613907 0.176514 0.299440 11.0100 0.1277558598282664
0 0.667496 0.569320 0.134332 0.218000 14.7400 0.1710373636574611
0 0.642919 0.535307 0.106997 0.183627 18.7300 0.21733580877233696
0 0.568301 0.509160 0.068760 0.093147 32.8400 0.38106289162218615
0 0.544549 0.490947 0.045040 0.061093 50.6700 0.5879554420979345
0 0.289215 0.523947 0.061039 0.110720 31.5300 0.365862148990485
0 0.325165 0.519213 0.044372 0.087973 37.9900 0.44082153631933163
0 0.353611 0.516040 0.033905 0.061360 44.8700 0.5206544441865861
0 0.394275 0.497333 0.027359 0.047947 61.2700 0.7109538175910884
0 0.271087 0.516987 0.036570 0.075253 39.2700 0.45567417034114643
0 0.018788 0.523040 0.036014 0.088373 34.4800 0.40009282896263626
