0 0.867911 0.759053 0.262568 0.476560 4.6000 0.05337665351589695
0 0.269960 0.554107 0.108325 0.143253 21.3500 0.24773729403573916
1 0.340624 0.535800 0.017174 0.171120 19.7600 0.22928753771176608
2 0.819956 0.557827 0.099670 0.231440 14.0000 0.16245068461359943
0 0.521727 0.500133 0.073035 0.093547 34.6400 0.4019494082153632
0 0.705097 0.488160 0.081208 0.078987 37.4500 0.4345555813413785
0 0.457355 0.507467 0.056948 0.078080 38.6700 0.4487119981434207
0 0.224110 0.522867 0.072601 0.088347 33.9900 0.39440705500116036
0 0.467810 0.489920 0.020177 0.045120 64.4000 0.7472731492225575
0 0.437532 0.494400 0.023776 0.046720 64.0800 0.7435599907171037
