0 0.489489 0.504107 0.018961 0.059733 52.1300 0.604896727779067
0 0.760431 0.762800 0.272295 0.469067 6.7300 0.07809236481782315
0 0.643845 0.637387 0.132359 0.298133 11.7500 0.1363425388721281
0 0.455346 0.509560 0.020789 0.057147 51.0600 0.5924808540264562
0 0.573015 0.553920 0.054549 0.142773 22.0700 0.25609190067300996
0 0.553659 0.532227 0.047560 0.129360 26.5800 0.30842422835924804
0 0.530608 0.506493 0.028945 0.076453 40.1200 0.46553724762125775
0 0.372355 0.516533 0.040652 0.050987 60.0400 0.6966813645857507
0 0.318217 0.521400 0.045709 0.053200 59.9800 0.695985147365978
1 0.585129 0.502800 0.012077 0.122133 29.0600 0.3372012067765142
