0 0.908772 0.530667 0.180845 0.290400 15.9900 0.18554188906938965
0 0.952234 0.551520 0.093921 0.189067 16.7700 0.19459271292643301
0 0.096727 0.716960 0.193454 0.434293 7.4600 0.08656300765838941
0 0.119022 0.629813 0.238043 0.318027 10.2000 0.11835692736133673
0 0.185177 0.576520 0.255072 0.295973 12.5000 0.1450452541192852
0 0.302806 0.526693 0.143084 0.189813 18.6400 0.2162914829426781
0 0.321228 0.538973 0.131119 0.139707 20.7600 0.2408911580413089
0 0.241526 0.561120 0.180411 0.201067 15.6400 0.18148062195404965
0 0.411421 0.492547 0.073776 0.076507 36.7400 0.4263170109074031
0 0.831735 0.504533 0.105612 0.151573 23.8300 0.2765142724530053
0 0.577758 0.498280 0.078382 0.092560 32.5000 0.3771176607101415
