0 0.866904 0.746080 0.264581 0.502507 3.7700 0.04374564864237642
0 0.097307 0.776787 0.194614 0.441093 8.2900 0.09619401253190994
0 0.373144 0.551880 0.042085 0.097413 30.8700 0.3582037595729868
0 0.540705 0.513413 0.035225 0.090560 34.4100 0.39928057553956825
0 0.391055 0.539053 0.036232 0.079227 36.3700 0.4220236713854722
0 0.411083 0.519280 0.028913 0.079253 44.6500 0.5181016477140867
0 0.099706 0.584533 0.067238 0.082827 38.6200 0.44813181712694355
0 0.137448 0.580133 0.060435 0.080693 38.6400 0.44836388953353445
0 0.171659 0.572227 0.064155 0.087280 38.0600 0.44163378974239964
0 0.211952 0.572240 0.056256 0.086880 38.2600 0.44395451380830814
