0 0.483760 0.530093 0.041659 0.107920 26.3900 0.3062195404966349
0 0.217311 0.613160 0.144895 0.232667 13.4500 0.15606869343235089
0 0.378551 0.624480 0.101643 0.235307 12.9400 0.15015084706428403
0 0.412665 0.570053 0.069275 0.173653 17.9600 0.208401021118589
0 0.334730 0.530307 0.099911 0.138427 23.7800 0.2759340914365282
0 0.842492 0.777453 0.313406 0.439760 4.1300 0.04792295196101183
1 0.781035 0.638613 0.061731 0.411520 8.7300 0.10129960547690879
0 0.542178 0.526800 0.041763 0.108320 27.8900 0.32362497099094917
0 0.525354 0.515547 0.030097 0.077120 37.1500 0.4310744952425156
0 0.228072 0.518173 0.060346 0.087813 33.7900 0.39208633093525175
0 0.472633 0.513587 0.027262 0.082427 37.6200 0.43652819679740074
0 0.050564 0.545760 0.101127 0.159520 19.2600 0.22348572754699467
