0 0.099481 0.745680 0.198961 0.503307 6.5800 0.07635182176839174
0 0.700543 0.680547 0.163052 0.350907 9.8300 0.11406358783940589
0 0.208064 0.606053 0.211844 0.224320 13.3600 0.15502436760269203
0 0.298152 0.562733 0.126868 0.159920 18.8600 0.2188442794151775
0 0.329791 0.555733 0.127858 0.145600 21.0200 0.24390809932699
0 0.339698 0.545347 0.111554 0.131707 23.4800 0.2724530053376653
0 0.631775 0.596240 0.096208 0.240587 14.8300 0.17208168948711997
0 0.568205 0.540320 0.042947 0.102773 28.2900 0.3282664191227663
0 0.375254 0.540640 0.083309 0.115840 25.9400 0.3009979113483407
0 0.431538 0.503600 0.050177 0.056373 52.2100 0.6058250174054305
