0 0.136675 0.782400 0.273349 0.429867 5.2500 0.060919006730099784
0 0.028366 0.793173 0.056731 0.408320 5.8700 0.06811325133441633
0 0.549110 0.537560 0.044919 0.118747 27.4100 0.3180552332327686
0 0.300721 0.653213 0.129847 0.269840 12.3500 0.1433047110698538
0 0.725346 0.517387 0.153269 0.150613 20.2900 0.23543745648642372
0 0.695221 0.494373 0.124549 0.168000 23.2800 0.27013228127175676
0 0.369561 0.543400 0.044758 0.108667 31.3900 0.364237642144349
0 0.309509 0.589000 0.076522 0.153947 20.5200 0.2381062891622186
0 0.647303 0.495253 0.094412 0.112747 29.4400 0.34161058250174053
0 0.400238 0.528853 0.030636 0.073760 42.9000 0.4977953121373868
