0 0.485282 0.497613 0.019452 0.061307 50.8600 0.5901601299605477
0 0.418494 0.541760 0.047311 0.120267 25.2200 0.2926433047110698
0 0.734791 0.727400 0.225894 0.473840 8.0100 0.09294499883963796
0 0.628241 0.616467 0.123583 0.300720 12.5500 0.14562543513576234
0 0.588035 0.567507 0.071755 0.217733 16.4600 0.19099559062427476
0 0.550576 0.534000 0.047432 0.120853 26.1000 0.3028544906010675
0 0.525310 0.508267 0.025016 0.073440 41.4000 0.48038988164307256
0 0.539642 0.522387 0.036546 0.104347 31.2100 0.3621489904850313
0 0.331643 0.521067 0.054702 0.066773 45.9500 0.5331863541424925
0 0.262226 0.522347 0.061618 0.069653 45.8600 0.5321420283128335
1 0.637347 0.527693 0.021361 0.207280 17.2600 0.20027848688790903
