0 0.344352 0.651760 0.151651 0.343680 10.5100 0.121954049663495
0 0.715527 0.720720 0.237190 0.553227 7.5800 0.08795544209793454
0 0.401228 0.590920 0.099702 0.212080 15.4600 0.17939197029473195
0 0.561055 0.532307 0.041546 0.107440 29.0100 0.3366210257600371
0 0.624738 0.610547 0.105258 0.246960 13.2100 0.15328382455326062
1 0.358039 0.550293 0.015370 0.204213 17.5100 0.20317939197029472
1 0.368519 0.539800 0.007697 0.169893 20.7500 0.24077512183801345
0 0.471409 0.501813 0.025250 0.076533 42.5700 0.4939661174286377
0 0.545213 0.509307 0.028704 0.078560 41.3800 0.48015780923648177
1 0.372895 0.543453 0.011312 0.172933 20.0900 0.23311673242051517
