0 0.485399 0.535693 0.045676 0.122960 23.3100 0.270480389881643
0 0.201381 0.692200 0.212923 0.384667 9.1800 0.10652123462520305
0 0.258285 0.616480 0.171449 0.272000 12.4700 0.14469714550939894
0 0.342303 0.554547 0.099936 0.146160 20.3100 0.2356695288930146
0 0.381948 0.527267 0.081256 0.117307 26.2100 0.3041308888373172
0 0.429054 0.503627 0.056932 0.078667 42.1900 0.4895567417034114
0 0.685439 0.636947 0.151425 0.291120 12.1300 0.14075191459735437
0 0.560479 0.534080 0.042391 0.099360 29.6900 0.34451148758412625
0 0.490101 0.515160 0.029589 0.089413 34.7900 0.40368995126479457
0 0.080656 0.548680 0.098752 0.127920 21.0900 0.244720352750058
0 0.211868 0.519333 0.065572 0.087573 31.0500 0.36029241123230443
