0 0.066381 0.740747 0.132762 0.513173 5.3700 0.062311441169644925
0 0.097283 0.698987 0.194565 0.463840 7.7600 0.09004409375725225
0 0.140290 0.632160 0.280580 0.350773 10.1000 0.11719656532838245
0 0.175789 0.592840 0.190338 0.261520 12.6500 0.14678579716871662
0 0.244678 0.598667 0.171594 0.213067 15.0000 0.17405430494314225
0 0.264851 0.557800 0.165225 0.184453 17.5100 0.20317939197029472
0 0.314243 0.529387 0.114863 0.154080 22.0200 0.2555117196565328
0 0.329642 0.512067 0.114984 0.172720 24.5800 0.2852169877001624
2 0.446586 0.506933 0.010354 0.083040 37.8600 0.43931306567649103
0 0.725250 0.745253 0.212641 0.458720 7.8100 0.09062427477372939
0 0.785229 0.597947 0.217786 0.272907 12.7900 0.1484103040148526
0 0.730056 0.583107 0.156457 0.211280 15.1300 0.17556277558598282
0 0.687472 0.564107 0.124010 0.168053 18.0300 0.209213274541657
0 0.644473 0.542467 0.111844 0.139547 23.1600 0.26873984683221164
0 0.624074 0.534133 0.104380 0.113493 26.0600 0.30239034578788576
0 0.617138 0.517520 0.086659 0.126560 28.3300 0.32873056393594796
0 0.381369 0.503827 0.076924 0.084667 35.7800 0.41517753539104196
0 0.395914 0.508293 0.066320 0.077920 38.5100 0.44685541889069386
0 0.525588 0.508413 0.028019 0.069573 41.6100 0.4828266419122766
