0 0.517170 0.555587 0.055064 0.171813 19.4400 0.22557437920631238
0 0.951598 0.730373 0.095193 0.533920 4.7400 0.05500116036203295
0 0.714517 0.606373 0.167488 0.282987 11.3300 0.1314690183337201
0 0.032166 0.626080 0.064332 0.309973 11.0000 0.12763982362497098
0 0.242544 0.613520 0.157262 0.228960 14.9200 0.17312601531677882
0 0.446747 0.501173 0.036586 0.089280 39.9700 0.46379670457182637
0 0.224336 0.569347 0.108897 0.159547 21.3300 0.24750522162914826
0 0.363313 0.529640 0.058977 0.087653 34.0600 0.39521930842422837
0 0.547999 0.492000 0.035982 0.067840 45.6800 0.5300533766535158
0 0.570644 0.479507 0.018792 0.045040 64.8700 0.7527268507774425
0 0.093192 0.579547 0.142101 0.160000 20.3800 0.23648178231608258
