0 0.837971 0.749827 0.322448 0.495013 6.8800 0.07983290786725458
0 0.376602 0.521453 0.079388 0.101147 29.1100 0.3377813877929914
1 0.360338 0.528893 0.014090 0.152560 22.1200 0.25667208168948713
2 0.774706 0.546453 0.081522 0.197333 16.3000 0.18913901137154793
0 0.577911 0.492427 0.066965 0.083253 38.6800 0.44882803434671614
0 0.744899 0.484453 0.078945 0.075093 39.3100 0.4561383151543281
0 0.410769 0.511373 0.057303 0.077680 38.9200 0.45161290322580644
0 0.210125 0.526427 0.063422 0.081440 37.1300 0.4308424228359248
0 0.471014 0.486573 0.019726 0.044133 65.8100 0.7636342538872127
0 0.441099 0.492373 0.022987 0.045120 66.2800 0.7690879554420978
