0 0.035777 0.736960 0.071554 0.520747 5.0800 0.05894639127407751
0 0.856840 0.522813 0.153470 0.246000 18.4800 0.21443490368995125
0 0.923575 0.538040 0.132415 0.167600 19.2100 0.2229055465305175
0 0.132355 0.671453 0.264710 0.322640 9.9600 0.11557205848224646
0 0.185117 0.624573 0.197689 0.252240 12.7600 0.14806219540496635
0 0.238708 0.575560 0.205998 0.243013 15.0400 0.17451844975632394
0 0.327717 0.540880 0.124179 0.165067 21.2300 0.246344859596194
0 0.340278 0.547040 0.115805 0.124427 23.2700 0.27001624506846134
0 0.276993 0.561307 0.152053 0.171733 18.1700 0.210837781387793
0 0.572862 0.501173 0.072391 0.085707 35.0100 0.40624274773729396
