0 0.884948 0.522920 0.172552 0.266587 17.2400 0.20004641448131813
0 0.939227 0.539387 0.119936 0.179360 17.9900 0.20874912972847526
0 0.116920 0.691987 0.233841 0.370000 8.7100 0.10106753307031795
0 0.150201 0.628213 0.224976 0.281280 11.4800 0.13320956138315154
0 0.215105 0.579240 0.227890 0.266907 13.7700 0.1597818519378046
0 0.316413 0.538693 0.132762 0.176213 19.9600 0.23160826177767463
0 0.331316 0.549440 0.122987 0.131680 22.0100 0.25539568345323743
0 0.261445 0.561280 0.165097 0.185387 16.8900 0.19598514736597816
0 0.817073 0.499587 0.097995 0.143867 24.9900 0.289974472035275
0 0.575874 0.502653 0.075338 0.089040 33.7400 0.39150614991877464
