1 0.929593 0.665387 0.132762 0.658560 4.5600 0.05291250870271524
1 0.572488 0.671480 0.053269 0.461360 7.9900 0.0927129264330471
1 0.105036 0.686560 0.210072 0.616213 3.7700 0.04374564864237642
2 0.233901 0.722453 0.198382 0.544427 4.1100 0.04769087955442098
1 0.776200 0.537480 0.033510 0.395173 10.2100 0.11847296356463216
1 0.796196 0.556933 0.047512 0.344160 10.6400 0.12346252030633557
1 0.406014 0.543280 0.015395 0.170347 20.4600 0.23741007194244604
1 0.391486 0.548680 0.015048 0.160400 20.5300 0.23822232536551405
1 0.460270 0.544093 0.016063 0.171493 20.2700 0.23520538407983288
1 0.471276 0.518360 0.012649 0.131547 28.1100 0.32617776746344856
1 0.487029 0.538147 0.014155 0.164187 20.1600 0.23392898584358318
1 0.409779 0.536360 0.016047 0.162853 21.8200 0.25319099559062425
