0 0.490946 0.530160 0.044597 0.120053 23.8500 0.2767463448595962
0 0.142814 0.772893 0.285628 0.448880 3.4100 0.039568345323741004
0 0.089022 0.727840 0.178043 0.410400 8.6200 0.10002320724065906
0 0.275507 0.582600 0.119469 0.191973 16.0300 0.18600603388257136
0 0.310322 0.555760 0.109324 0.174880 18.9800 0.22023671385472265
0 0.353390 0.534573 0.079694 0.107227 26.8500 0.31155720584822466
0 0.438184 0.535573 0.043325 0.104107 26.2500 0.30459503365049895
0 0.394972 0.506947 0.066224 0.086107 37.0700 0.4301462056161522
0 0.586425 0.566387 0.071562 0.170960 17.5000 0.2030633557669993
1 0.633140 0.514640 0.019050 0.159253 21.9400 0.2545834300301694
0 0.040862 0.576520 0.081723 0.159653 17.8000 0.20654444186586213
0 0.491735 0.505133 0.028575 0.086320 35.9800 0.4174982594569505
0 0.223277 0.518947 0.059630 0.092080 32.2300 0.37398468322116496
