0 0.501381 0.564440 0.057190 0.155120 18.9600 0.2200046414481318
0 0.045443 0.577467 0.090886 0.247307 13.2000 0.15316778834996517
1 0.188651 0.691280 0.065757 0.612107 5.8700 0.06811325133441633
0 0.300411 0.579813 0.137053 0.242027 14.4500 0.16767231376189368
0 0.330741 0.564893 0.121659 0.171973 17.5700 0.20387560919006728
0 0.360926 0.551147 0.111900 0.143520 20.6800 0.23996286841494543
0 0.402516 0.532387 0.069654 0.110533 28.0600 0.3255975864469714
0 0.432230 0.506160 0.051804 0.068053 41.3900 0.4802738454397772
0 0.588684 0.550693 0.058349 0.126720 23.0500 0.26746344859596194
0 0.568265 0.516267 0.044871 0.114507 30.4200 0.3529821304246925
1 0.548357 0.516320 0.010064 0.098293 30.7000 0.35623114411696444
0 0.490870 0.525787 0.032625 0.098613 31.7300 0.3681828730563936
0 0.234758 0.508773 0.067311 0.092107 33.2200 0.38547226734741236
