0 0.495978 0.508173 0.021860 0.068880 45.4600 0.5275005801810164
0 0.618200 0.592280 0.097834 0.231547 14.5100 0.16836853098166626
0 0.850435 0.737333 0.297520 0.520000 4.1500 0.04815502436760269
0 0.137415 0.612400 0.145926 0.165387 19.4200 0.2253423067997215
0 0.027355 0.618827 0.054710 0.168000 19.5000 0.2262705964260849
0 0.589754 0.560040 0.064227 0.171173 19.3000 0.22394987236017636
1 0.576566 0.506440 0.008591 0.098107 32.6600 0.37897423996286833
0 0.549328 0.521000 0.035064 0.093840 32.9300 0.38210721745184495
0 0.528466 0.494840 0.019171 0.062107 56.5500 0.6561847296356462
0 0.388438 0.524693 0.032110 0.077173 40.4100 0.46890229751682516
0 0.403056 0.514693 0.027866 0.063840 48.1100 0.5582501740543049
