0 0.495805 0.536933 0.048470 0.130400 22.1100 0.25655604548619165
0 0.097508 0.755907 0.195016 0.482853 7.2400 0.08401021118589
0 0.255548 0.566973 0.122689 0.214267 15.0400 0.17451844975632394
0 0.375435 0.613547 0.114396 0.229440 12.7400 0.14783012299837547
0 0.408430 0.560200 0.062899 0.174160 18.1300 0.21037363657461125
0 0.352564 0.524613 0.076965 0.113173 24.9600 0.2896263634253887
1 0.792903 0.741240 0.078639 0.512187 5.7400 0.06660478069157577
0 0.715362 0.713720 0.219936 0.444987 8.4400 0.09793455558134137
0 0.624473 0.613360 0.115725 0.234507 13.2700 0.15398004177303318
0 0.582419 0.540640 0.065531 0.172373 19.2700 0.22360176375029006
0 0.530427 0.509987 0.029871 0.075653 37.3000 0.432815038291947
0 0.488607 0.508000 0.030515 0.092213 33.8000 0.39220236713854717
0 0.170318 0.518333 0.076353 0.103387 27.3900 0.31782316082617773
