0 0.489654 0.507893 0.020145 0.063467 49.1800 0.5706660478069157
0 0.165177 0.771613 0.330354 0.451440 5.5600 0.06451612903225805
0 0.898531 0.739067 0.201329 0.516533 1.6900 0.01961011835692736
0 0.808849 0.723853 0.304171 0.546960 5.6100 0.0650963100487352
0 0.600326 0.589933 0.092214 0.217627 15.3400 0.1779995358551868
0 0.542275 0.527800 0.036240 0.100987 30.6600 0.35576699930378275
0 0.571695 0.555507 0.060781 0.164720 20.4600 0.23741007194244604
0 0.290221 0.554240 0.073309 0.088213 35.3400 0.41007194244604317
0 0.197323 0.560893 0.082729 0.092080 35.3400 0.41007194244604317
0 0.525149 0.507347 0.022456 0.061627 49.1200 0.5699698305871431
1 0.790366 0.611373 0.041538 0.453413 8.0700 0.09364121605941053
