0 0.051236 0.734387 0.102472 0.525893 6.5800 0.07635182176839174
0 0.102158 0.622773 0.204316 0.486080 9.1900 0.10663727082849847
2 0.370081 0.582933 0.031449 0.203147 15.9900 0.18554188906938965
0 0.961449 0.753520 0.075491 0.487627 5.2800 0.06126711533998607
0 0.873949 0.718400 0.250491 0.456853 7.7800 0.09027616616384311
0 0.799883 0.648960 0.276900 0.297387 10.6900 0.1240427013228127
0 0.749984 0.589253 0.203977 0.285547 13.0700 0.15165931770712462
0 0.280543 0.564507 0.143341 0.152693 20.3300 0.23590160129960544
0 0.313390 0.551307 0.116522 0.132960 22.9700 0.2665351589695985
0 0.531743 0.541600 0.046900 0.114400 26.2100 0.3041308888373172
0 0.375660 0.513987 0.062689 0.081467 37.4400 0.434439545138083
0 0.509195 0.508467 0.025137 0.070267 41.3000 0.4792295196101183
