0 0.096957 0.780133 0.193913 0.434400 7.3000 0.08470642840566256
0 0.980479 0.764547 0.037432 0.465573 1.1900 0.013808308192155951
0 0.815515 0.737307 0.327101 0.520053 6.8300 0.07925272685077743
0 0.227609 0.651387 0.140998 0.268160 13.0100 0.15096310048735204
0 0.616188 0.577680 0.089815 0.191787 16.6100 0.19273613367370618
0 0.342826 0.567800 0.077568 0.145947 22.1700 0.25725226270596424
0 0.580644 0.554947 0.064767 0.139813 22.4300 0.2602692039916454
0 0.401880 0.520000 0.033680 0.086027 37.1300 0.4308424228359248
0 0.551888 0.524893 0.041232 0.100667 30.9700 0.359364121605941
0 0.433772 0.491267 0.044082 0.048400 61.8000 0.717103736365746
