0 0.500431 0.565280 0.053277 0.145493 20.2400 0.23485727546994659
0 0.193349 0.679107 0.206312 0.431067 8.9100 0.1033882571362265
0 0.267399 0.624653 0.169726 0.264187 12.1300 0.14075191459735437
0 0.319481 0.599053 0.147738 0.204560 15.1900 0.17625899280575538
0 0.385197 0.552733 0.086031 0.140347 22.5200 0.26131352982130424
0 0.427065 0.517920 0.058833 0.079307 35.9000 0.4165699698305871
0 0.626031 0.586973 0.085250 0.175867 17.4400 0.20236713854722674
0 0.588901 0.538280 0.057899 0.141947 24.9600 0.2896263634253887
1 0.555922 0.533013 0.014758 0.120107 25.2300 0.2927593409143653
0 0.496103 0.524027 0.031256 0.094453 33.0400 0.38338361568809465
0 0.185270 0.521480 0.086240 0.111760 27.7600 0.3221165003481086
