0 0.499030 0.530267 0.048478 0.130613 22.0600 0.25597586446971454
0 0.125068 0.699307 0.233841 0.401067 8.8600 0.10280807611974935
0 0.229376 0.635280 0.168575 0.266933 11.7600 0.13645857507542353
0 0.315036 0.547520 0.093663 0.159840 19.6500 0.22801113947551632
0 0.409078 0.572053 0.077351 0.159680 17.3500 0.20132281271756788
0 0.376465 0.515040 0.065282 0.094827 29.4800 0.3420747273149222
1 0.662428 0.621227 0.032472 0.300853 10.1900 0.11824089115804129
0 0.631948 0.593000 0.119485 0.258693 12.9600 0.1503829194708749
0 0.590805 0.555467 0.078438 0.163253 17.8000 0.20654444186586213
0 0.566196 0.511813 0.050427 0.137013 23.7900 0.2760501276398236
0 0.529847 0.498880 0.026377 0.067040 41.8600 0.4857275469946623
0 0.493345 0.502920 0.030974 0.093573 33.3300 0.38674866558366205
0 0.220576 0.510453 0.060089 0.087360 32.0800 0.3722441401717335
