0 0.500596 0.533240 0.045040 0.141040 23.3400 0.27082849849152935
0 0.730495 0.628147 0.188446 0.332773 10.0900 0.11708052912508701
0 0.677890 0.576067 0.141530 0.234640 13.8300 0.16047806915757715
0 0.650813 0.536707 0.112029 0.194373 17.8000 0.20654444186586213
0 0.570644 0.508253 0.070564 0.095867 31.9000 0.3701554885124158
0 0.545612 0.489440 0.045845 0.062133 49.7600 0.5773961475980505
0 0.283128 0.524960 0.063712 0.114240 30.6200 0.35530285449060106
0 0.320998 0.518387 0.045926 0.090320 37.0600 0.4300301694128568
0 0.350886 0.514987 0.034928 0.062560 43.9300 0.5097470410768159
0 0.393281 0.495267 0.027593 0.048720 60.3300 0.7000464144813181
0 0.265986 0.515933 0.038043 0.077093 38.3600 0.4451148758412624
0 0.012331 0.524040 0.024662 0.089680 33.5800 0.3896495706660478
