0 0.046002 0.844253 0.092005 0.306160 1.8000 0.02088651659317707
0 0.140866 0.776587 0.281731 0.441493 7.0400 0.08168948711998143
0 0.296952 0.678747 0.143068 0.293227 11.7800 0.13669064748201437
0 0.809396 0.744187 0.354461 0.506293 6.8100 0.07902065444418657
0 0.645205 0.616467 0.117899 0.271707 12.3000 0.14272453005337665
0 0.873454 0.489827 0.155137 0.214533 19.5700 0.22708284984915292
0 0.537548 0.523107 0.039670 0.091973 33.7500 0.39162218612207006
0 0.489255 0.520200 0.031264 0.058107 48.5600 0.5634718032025992
0 0.460600 0.507720 0.034308 0.049467 63.6400 0.7384543977721049
2 0.399577 0.512480 0.011683 0.063947 50.4400 0.5852866094221396
