0 0.252794 0.734200 0.252415 0.526267 7.4500 0.08644697145509399
0 0.815705 0.698693 0.366981 0.597280 4.6200 0.05360872592248781
0 0.363213 0.622387 0.132061 0.273573 12.4600 0.1445811093061035
0 0.554903 0.517907 0.048647 0.120827 26.0500 0.3022743095845904
0 0.652713 0.636307 0.153527 0.333253 10.2500 0.11893710837781386
1 0.325753 0.545107 0.018253 0.238533 15.0200 0.1742863773497331
1 0.337770 0.535720 0.011981 0.195813 18.0200 0.20909723833836155
0 0.455149 0.491240 0.027303 0.082693 39.5400 0.45880714783012294
0 0.535161 0.494347 0.031288 0.085013 38.3800 0.4453469482478533
1 0.343643 0.538693 0.012665 0.198560 17.5200 0.20329542817359014
0 0.521711 0.476267 0.020217 0.066667 55.4400 0.6433047110698538
