1 0.911308 0.636280 0.169332 0.716773 4.0700 0.047226734741239264
1 0.903837 0.597440 0.089283 0.687413 6.0000 0.0696217219772569
1 0.407057 0.575613 0.026304 0.298427 11.8400 0.13738686470178693
1 0.386957 0.586147 0.032206 0.287547 11.5800 0.13436992341610582
1 0.492850 0.524253 0.024686 0.203173 17.1700 0.19923416105825018
1 0.500403 0.496093 0.018792 0.147013 25.1900 0.29229519610118354
1 0.538108 0.523373 0.014493 0.196187 16.9400 0.19656532838245533
1 0.586562 0.495707 0.016908 0.168587 21.0100 0.24379206312369459
0 0.457472 0.479093 0.026957 0.068800 46.2500 0.5366674402413553
1 0.367762 0.532867 0.017713 0.198480 17.9100 0.20782084010211185
1 0.561667 0.513147 0.015024 0.171413 19.2600 0.22348572754699467
