0 0.172601 0.760067 0.321143 0.474533 7.3400 0.08517057321884428
1 0.677758 0.521867 0.021393 0.203627 19.0700 0.2212810396843815
0 0.683321 0.618053 0.117609 0.260693 12.9300 0.1500348108609886
0 0.636035 0.558120 0.075692 0.170160 18.5300 0.2150150847064284
0 0.399010 0.578347 0.076602 0.173387 19.4100 0.22522627059642608
0 0.430596 0.546493 0.048599 0.125787 24.8000 0.28776978417266186
0 0.603196 0.544493 0.054219 0.128187 25.3600 0.2942678115572058
0 0.450910 0.530747 0.039565 0.111947 32.2700 0.3744488280343467
0 0.485121 0.517973 0.038808 0.084800 39.0700 0.4533534462752378
0 0.555097 0.500267 0.039678 0.063093 49.2500 0.5714783012299837
