0 0.491413 0.505467 0.019090 0.060160 51.7900 0.6009514968670224
0 0.880632 0.779200 0.237126 0.436267 2.4700 0.02866094221397076
0 0.749634 0.744293 0.260250 0.506080 7.4500 0.08644697145509399
0 0.451264 0.514920 0.024960 0.068133 43.1100 0.5002320724065908
0 0.595974 0.572707 0.072448 0.181147 17.7800 0.20631236945927128
0 0.568712 0.545867 0.059372 0.156853 22.2700 0.2584126247389185
0 0.554976 0.530587 0.041948 0.132587 26.1500 0.3034346716175446
0 0.537415 0.519840 0.032963 0.086187 35.8100 0.4155256440009283
0 0.364843 0.515627 0.044002 0.054827 55.8100 0.6475980505917847
0 0.306820 0.519920 0.049501 0.057227 55.7300 0.6466697609654212
1 0.599670 0.509200 0.014493 0.139733 25.4400 0.29519610118356926
