0 0.648969 0.632547 0.145411 0.325040 11.2000 0.12996054769087953
0 0.094529 0.635213 0.189058 0.238107 13.2800 0.1540960779763286
0 0.875197 0.752040 0.247995 0.490587 3.5200 0.040844743559990716
0 0.593820 0.557680 0.075177 0.195307 17.4200 0.2021350661406359
0 0.343378 0.591347 0.083406 0.184080 17.8500 0.2071246228823393
0 0.379183 0.547120 0.058881 0.157600 23.1500 0.26862381062891616
0 0.555535 0.529600 0.047190 0.124907 25.8700 0.3001856579252727
0 0.409622 0.528907 0.043011 0.121707 28.8500 0.3347644465073103
0 0.549992 0.512747 0.044412 0.095307 32.2500 0.3742167556277558
0 0.440105 0.499987 0.019775 0.042267 63.8800 0.7412392666511951
