1 0.318048 0.484840 0.012343 0.108720 33.4500 0.38814110002320723
0 0.305998 0.471867 0.049082 0.124160 36.4300 0.4227198886052448
0 0.339545 0.480880 0.048269 0.091307 38.8700 0.4510327222093292
0 0.386429 0.473240 0.056353 0.078640 40.1700 0.466117428637735
0 0.534710 0.464253 0.041047 0.065200 46.9900 0.5452541192852169
0 0.569432 0.459067 0.043068 0.069173 49.0300 0.5689255047574843
0 0.595600 0.467080 0.047689 0.054267 53.2900 0.6183569273613366
0 0.618676 0.467933 0.034984 0.054427 53.9300 0.6257832443722441
0 0.637552 0.468493 0.039630 0.051387 54.6700 0.6343699234161058
0 0.658901 0.464320 0.046304 0.053333 55.6900 0.6462056161522394
0 0.711308 0.452293 0.042971 0.050133 60.7900 0.7053840798329079
0 0.728506 0.457453 0.037593 0.045680 62.1500 0.721165003481086
