0 0.847649 0.743987 0.303092 0.506693 3.5300 0.04096077976328614
0 0.684308 0.654387 0.169887 0.387173 9.7200 0.11278718960315619
0 0.220886 0.718227 0.191192 0.368773 10.2600 0.1190531445811093
0 0.322162 0.605800 0.100507 0.243920 15.6600 0.1817126943606405
0 0.587456 0.561760 0.073688 0.183520 18.2200 0.2114179624042701
0 0.376707 0.572293 0.064428 0.170720 21.2700 0.2468090044093757
0 0.566671 0.543867 0.058527 0.127680 24.6300 0.28579716871663957
0 0.514018 0.512880 0.021031 0.054613 53.6000 0.621954049663495
0 0.431131 0.522280 0.021973 0.049147 56.2000 0.6521234625203063
0 0.501477 0.507800 0.025000 0.055973 60.5900 0.7030633557669993
0 0.480664 0.510427 0.019396 0.041173 72.8100 0.8448595961940125
