1 0.901397 0.664773 0.099750 0.659787 5.4400 0.06312369459271293
1 0.546457 0.645600 0.051610 0.416747 8.7800 0.10187978649338592
1 0.220837 0.704400 0.103446 0.580533 5.4100 0.06277558598282663
1 0.893474 0.625973 0.205000 0.737387 4.2500 0.04931538640055697
2 0.320552 0.724387 0.104823 0.540560 6.2700 0.07275469946623346
1 0.755886 0.532533 0.039855 0.357867 11.2000 0.12996054769087953
1 0.400982 0.536533 0.015813 0.157707 22.0500 0.2558598282664191
1 0.388502 0.541920 0.014895 0.147733 22.2600 0.2582965885356231
1 0.457375 0.541947 0.018857 0.166133 20.9000 0.24251566488744486
1 0.482415 0.538560 0.011626 0.158773 20.8300 0.24170341146437685
1 0.418619 0.533320 0.015998 0.157147 22.5900 0.26212578324437225
