0 0.124871 0.747667 0.249742 0.408827 9.4600 0.10977024831747505
0 0.881204 0.746813 0.235982 0.501040 3.4300 0.03980041773033186
0 0.723772 0.694493 0.206401 0.435173 9.0400 0.10489672777906706
0 0.267395 0.623080 0.110604 0.223067 15.2000 0.1763750290090508
0 0.601006 0.567867 0.077134 0.167733 18.7800 0.2179159897888141
0 0.357432 0.562240 0.067407 0.132053 24.3500 0.2825481550243676
0 0.572347 0.548067 0.057593 0.126160 24.6500 0.2860292411232304
0 0.406808 0.519120 0.031345 0.080907 39.3600 0.45671849617080523
0 0.547919 0.525760 0.038043 0.093653 33.1600 0.38477605012763977
0 0.445318 0.491360 0.041860 0.046667 63.7700 0.7399628684149454
