0 0.832733 0.565000 0.332923 0.398640 9.5000 0.11023439313065675
0 0.984251 0.435627 0.029887 0.126507 23.5800 0.2736133673706196
0 0.963519 0.442547 0.071353 0.117733 25.9400 0.3009979113483407
0 0.329263 0.569000 0.076514 0.181040 19.1200 0.22186122070085867
0 0.401087 0.559880 0.078438 0.190000 19.1000 0.2216291482942678
0 0.702568 0.454867 0.112061 0.138480 27.9700 0.32455326061731254
0 0.792854 0.441200 0.056691 0.097920 37.3700 0.433627291715015
0 0.827029 0.440960 0.062174 0.088800 37.8500 0.4391970294731956
0 0.363804 0.545013 0.060040 0.130827 25.3800 0.29449988396379667
0 0.542601 0.494960 0.035072 0.083253 37.2300 0.432002784868879
0 0.493595 0.499347 0.025193 0.065733 48.6100 0.5640519842190763
0 0.455849 0.471267 0.026256 0.041093 80.6000 0.9352517985611509
