0 0.793092 0.553707 0.298728 0.345280 10.8300 0.1256672081689487
0 0.970419 0.438600 0.057552 0.121360 24.9700 0.2897423996286841
0 0.951671 0.445560 0.095048 0.112560 27.3000 0.3167788349965189
0 0.336735 0.571187 0.070926 0.169360 20.3700 0.23636574611278718
0 0.411381 0.558693 0.065419 0.163040 21.9000 0.2541192852169877
0 0.690362 0.458480 0.106248 0.132053 29.2900 0.3398700394523091
0 0.779251 0.445160 0.054348 0.094213 38.7500 0.44964028776978415
0 0.812903 0.450573 0.058591 0.085520 39.2300 0.45521002552796463
0 0.367101 0.552813 0.056763 0.125733 26.6200 0.3088883731724298
0 0.538382 0.499493 0.034412 0.080320 38.5100 0.44685541889069386
0 0.490507 0.506600 0.024203 0.063920 49.9100 0.579136690647482
0 0.449883 0.482013 0.023889 0.040880 80.9800 0.9396611742863773
