0 0.118663 0.768267 0.237327 0.458133 2.1900 0.025411928521698768
0 0.580407 0.577827 0.093663 0.211547 15.8100 0.18345323741007194
0 0.157870 0.747907 0.315741 0.498853 6.7400 0.07820840102111859
1 0.060342 0.691800 0.051715 0.573467 6.3600 0.07379902529589231
1 0.152150 0.631400 0.027842 0.404293 8.8100 0.10222789510327222
0 0.426699 0.519053 0.039147 0.113787 29.3000 0.3399860756556045
0 0.534203 0.524560 0.047649 0.118133 28.2300 0.32757020190299374
1 0.184634 0.656720 0.027802 0.408427 8.6300 0.10013924344395451
0 0.441457 0.511867 0.026280 0.068800 42.9400 0.4982594569505685
0 0.511651 0.497627 0.023961 0.082507 45.2400 0.524947783708517
