0 0.881558 0.714360 0.235274 0.565947 3.9200 0.04548619169180784
0 0.399118 0.555213 0.054452 0.120453 25.9800 0.3014620561615224
0 0.739448 0.691480 0.184050 0.349947 10.1100 0.11731260153167787
0 0.648861 0.591667 0.096932 0.220240 15.7400 0.18264098398700393
0 0.611647 0.564120 0.061634 0.151120 20.9700 0.24332791831051284
0 0.421695 0.537947 0.044356 0.094667 31.6400 0.3671385472267347
0 0.591014 0.542640 0.047504 0.118133 26.3800 0.3061035042933395
0 0.435809 0.530520 0.036288 0.078427 37.1000 0.4304943142260385
0 0.576767 0.530160 0.037866 0.098720 31.6200 0.3669064748201439
0 0.466031 0.510720 0.022206 0.055307 52.9000 0.613831515432815
