0 0.528829 0.531413 0.034372 0.081653 34.0100 0.39463912740775114
0 0.353752 0.540240 0.097907 0.117173 27.4300 0.3182873056393595
0 0.291546 0.574640 0.134412 0.162880 19.1200 0.22186122070085867
0 0.663144 0.564773 0.131329 0.160160 19.4300 0.22545834300301693
0 0.215109 0.587480 0.202617 0.264453 14.1300 0.16395915525644
0 0.173309 0.631907 0.257842 0.277733 11.5400 0.1339057786029241
0 0.133692 0.686867 0.267383 0.351920 9.1600 0.1062891622186122
0 0.079291 0.744907 0.158583 0.471467 7.0500 0.08180552332327685
0 0.872154 0.661680 0.254082 0.348107 9.7100 0.11267115339986075
0 0.911783 0.732920 0.174823 0.433680 7.4100 0.08598282664191227
