0 0.496884 0.521960 0.034992 0.109627 29.5100 0.34242283592480854
0 0.887444 0.720920 0.223502 0.552827 6.5500 0.07600371315850545
0 0.739549 0.645413 0.193607 0.347733 9.9300 0.11522394987236016
0 0.667943 0.585213 0.146691 0.269360 13.3600 0.15502436760269203
0 0.640467 0.558360 0.128309 0.190747 16.9600 0.19679740078904617
0 0.615596 0.534293 0.109501 0.167573 20.5200 0.2381062891622186
0 0.590314 0.517973 0.082528 0.105493 27.7800 0.32234857275469947
0 0.414155 0.511520 0.024074 0.057760 48.4700 0.5624274773729403
0 0.562045 0.501400 0.060660 0.078640 38.5100 0.44685541889069386
0 0.545258 0.496320 0.049678 0.062347 45.3000 0.5256440009282896
0 0.394738 0.493947 0.022359 0.051147 65.6500 0.761777674634486
0 0.373378 0.492067 0.014807 0.039493 73.5600 0.8535623114411696
