0 0.504767 0.564200 0.051208 0.140027 20.9900 0.24355999071710369
0 0.111659 0.743813 0.223317 0.507040 6.3400 0.07356695288930146
0 0.220781 0.691453 0.235250 0.364667 9.3400 0.1083778138779299
0 0.353043 0.575773 0.113140 0.195440 16.6600 0.19331631469018332
0 0.362882 0.567120 0.091965 0.153707 20.6900 0.24007890461824088
0 0.416534 0.526387 0.072601 0.095813 29.9200 0.34718032025992107
0 0.705596 0.668827 0.154622 0.291627 11.6400 0.13506614063587838
0 0.624976 0.573307 0.084477 0.192960 18.9500 0.21988860524483636
1 0.578784 0.563853 0.020129 0.154853 19.7500 0.22917150150847063
0 0.568213 0.521200 0.038696 0.100747 35.1600 0.4079832907867254
0 0.502391 0.519773 0.030596 0.091067 34.1600 0.3963796704571826
0 0.108913 0.530933 0.122029 0.144427 21.9700 0.2549315386400557
