0 0.124698 0.734947 0.224823 0.390693 9.5900 0.1112787189603156
0 0.352947 0.627787 0.097456 0.233707 14.7100 0.17068925504757484
0 0.241300 0.651973 0.130459 0.250827 13.8600 0.16082617776746344
2 0.679090 0.611427 0.094654 0.265307 11.6800 0.1355302854490601
0 0.948889 0.544280 0.100612 0.274960 12.8700 0.14933859364121604
2 0.710849 0.631480 0.104485 0.312667 10.1400 0.11766071014156416
1 0.177617 0.600000 0.020934 0.228427 15.6600 0.1817126943606405
0 0.419557 0.550707 0.040467 0.115973 28.6500 0.3324437224414017
0 0.446071 0.516533 0.018390 0.055573 55.5600 0.6446971455093989
0 0.546047 0.528067 0.074106 0.096773 34.0600 0.39521930842422837
0 0.520048 0.508547 0.051272 0.070907 47.7900 0.5545370155488512
