0 0.065411 0.747973 0.130821 0.498720 6.8700 0.07971687166395915
0 0.130523 0.630987 0.253333 0.312533 11.4000 0.1322812717567881
0 0.188808 0.564573 0.220725 0.312827 14.0100 0.16256672081689486
2 0.407363 0.541413 0.019525 0.140427 22.7500 0.26398236249709905
0 0.890998 0.711187 0.216393 0.431760 7.5200 0.08725922487816197
0 0.835439 0.654653 0.214630 0.320720 10.1400 0.11766071014156416
0 0.764706 0.618387 0.218881 0.266320 12.6300 0.14655372476212578
0 0.705229 0.591173 0.182568 0.197333 15.5200 0.1800881875145045
0 0.680374 0.557440 0.143035 0.204427 17.9000 0.2077048038988164
0 0.323776 0.544133 0.113269 0.122240 25.0900 0.29113483406822926
0 0.347697 0.534547 0.094300 0.108827 27.8100 0.32269668136458574
0 0.527915 0.525760 0.038873 0.095093 31.0200 0.35994430262241817
0 0.509907 0.503333 0.022311 0.062720 46.0700 0.5345787885820376
