0 0.519831 0.603160 0.074155 0.233573 14.9000 0.17289394291018798
0 0.638692 0.552693 0.107544 0.169067 19.6700 0.22824321188210722
0 0.587379 0.532107 0.062923 0.103467 30.5300 0.3542585286609422
0 0.567460 0.522747 0.056176 0.077440 37.1600 0.43119053144581104
0 0.072568 0.745693 0.145137 0.399973 8.9200 0.10350429333952192
0 0.073961 0.656573 0.147923 0.231547 14.2500 0.16535158969598512
0 0.403945 0.531213 0.036280 0.081253 39.0200 0.4527732652587607
0 0.455556 0.511040 0.024622 0.057813 55.7000 0.646321652355535
0 0.483108 0.500787 0.017279 0.044720 71.9400 0.8347644465073102
0 0.299996 0.555307 0.064179 0.103893 30.5300 0.3542585286609422
0 0.334597 0.535187 0.043494 0.101627 36.7500 0.4264330471106985
0 0.379384 0.522440 0.036594 0.068347 47.0400 0.5458343003016941
0 0.425254 0.513653 0.033486 0.048907 59.6700 0.6923880250638199
0 0.200137 0.552227 0.067729 0.105733 29.0600 0.3372012067765142
0 0.188945 0.534800 0.072029 0.078293 39.6700 0.46031561847296354
