0 0.077701 0.730560 0.155403 0.533547 6.7900 0.07878858203759573
0 0.130036 0.640400 0.260072 0.391040 9.1300 0.10594105360872592
0 0.147899 0.599747 0.209597 0.284507 11.6900 0.13564632165235552
0 0.226357 0.610213 0.185982 0.229547 14.0200 0.16268275702019028
0 0.250825 0.552133 0.176224 0.196000 16.5300 0.19180784404734277
0 0.305254 0.529293 0.121023 0.161573 21.0400 0.24414017173358085
0 0.323048 0.510867 0.120201 0.180080 23.6100 0.2739614759805059
2 0.444086 0.503400 0.010829 0.086213 36.4900 0.4234161058250174
0 0.765133 0.761573 0.263921 0.471520 6.8000 0.07890461824089115
0 0.809626 0.609053 0.239332 0.296667 11.8200 0.1371547922951961
0 0.746389 0.594773 0.169106 0.226347 14.1800 0.16453933627291714
0 0.698180 0.565800 0.132013 0.177947 17.0700 0.19807379902529587
0 0.675696 0.545853 0.099509 0.156453 19.6800 0.22835924808540262
0 0.650415 0.538440 0.117142 0.145840 22.1900 0.2574843351125551
0 0.628374 0.533560 0.108647 0.118000 25.1000 0.2912508702715247
0 0.620672 0.516240 0.089863 0.131040 27.3900 0.31782316082617773
0 0.377850 0.502573 0.079114 0.086960 34.8600 0.4045022046878626
0 0.392705 0.502267 0.068148 0.080000 37.5300 0.43548387096774194
0 0.525600 0.501080 0.028768 0.071333 40.6300 0.47145509398932467
