0 0.096413 0.636013 0.192826 0.270053 12.4600 0.1445811093061035
0 0.166014 0.589693 0.167246 0.212027 15.4800 0.17962404270132282
0 0.210648 0.578693 0.150878 0.169867 17.8900 0.20758876769552098
0 0.253442 0.549853 0.132101 0.167600 20.9200 0.24274773729403573
0 0.287371 0.551080 0.102568 0.129893 23.8700 0.27697841726618705
0 0.305233 0.536173 0.088196 0.104293 28.2700 0.32803434671617543
0 0.322258 0.534840 0.070330 0.108187 31.1400 0.3613367370619633
0 0.345395 0.532187 0.072206 0.083253 34.5600 0.40102111858899975
0 0.356993 0.510613 0.062262 0.092373 36.8000 0.4270132281271756
0 0.371039 0.516547 0.061546 0.081840 39.6600 0.46019958226966806
0 0.381804 0.511653 0.056908 0.073333 44.3200 0.5142724530053376
