0 0.830696 0.765680 0.336997 0.463307 5.4500 0.06323973079600835
0 0.049964 0.770187 0.099928 0.454293 6.1800 0.0717103736365746
0 0.104815 0.701200 0.209630 0.384000 8.4400 0.09793455558134137
0 0.134686 0.645027 0.249404 0.288827 10.9500 0.12705964260849384
0 0.202009 0.599040 0.191361 0.252373 13.4100 0.15560454861916917
0 0.600479 0.591533 0.099074 0.212187 15.2300 0.1767231376189371
0 0.311486 0.573160 0.142746 0.159013 19.0600 0.22116500348108606
0 0.560644 0.535747 0.051691 0.110320 25.9800 0.3014620561615224
0 0.317407 0.550360 0.109114 0.145520 21.5800 0.25040612671153395
0 0.335688 0.526467 0.088124 0.143120 24.0700 0.2792991413320956
0 0.531566 0.496787 0.027496 0.078907 45.4900 0.5278486887909027
