0 0.086171 0.713053 0.172343 0.434480 7.8300 0.09085634718032025
0 0.160789 0.619427 0.228696 0.286000 12.3600 0.1434207472731492
0 0.209167 0.556893 0.203841 0.291227 14.9700 0.17370619633325596
2 0.412456 0.541907 0.018132 0.132347 24.0900 0.27953121373868645
0 0.940370 0.752120 0.117649 0.490427 5.6500 0.06556045486191692
0 0.875934 0.680840 0.246522 0.378320 8.4700 0.09828266419122766
0 0.807238 0.633600 0.192915 0.289867 11.0900 0.12868414945462983
0 0.744879 0.606680 0.201256 0.245787 13.6000 0.1578092364817823
0 0.693478 0.583640 0.170966 0.184933 16.4800 0.1912276630308656
0 0.671212 0.552480 0.135048 0.193600 18.8500 0.2187282432118821
0 0.331389 0.538933 0.108720 0.117600 26.0300 0.30204223717799955
0 0.353535 0.531747 0.090805 0.105040 28.7800 0.3339521930842423
0 0.527419 0.525627 0.037593 0.092053 31.9800 0.3710837781387793
0 0.510036 0.502427 0.021812 0.061387 47.0200 0.5456022278951033
