0 0.071067 0.790160 0.142134 0.414347 6.4000 0.07426317010907403
0 0.921292 0.574467 0.155805 0.343227 9.7000 0.11255511719656532
0 0.240612 0.650213 0.150338 0.250613 13.8200 0.16036203295428172
0 0.761647 0.726013 0.250572 0.476720 8.0000 0.09282896263634254
0 0.639179 0.604000 0.112238 0.264427 13.5700 0.15746112787189603
0 0.320427 0.591587 0.075781 0.167013 19.6200 0.22766303086563008
0 0.580101 0.547387 0.058398 0.131840 23.3300 0.27071246228823387
0 0.378180 0.551253 0.053076 0.109973 28.8500 0.3347644465073103
0 0.559630 0.537533 0.047021 0.105413 29.1000 0.33766535158969596
0 0.415672 0.520280 0.027464 0.072507 43.8400 0.5087027152471572
0 0.540548 0.518973 0.032802 0.081947 37.6400 0.43676026920399164
0 0.465302 0.489227 0.035048 0.044320 67.5500 0.7838245532606172
