0 0.768494 0.734827 0.273253 0.525013 0.07762822000464145
0 0.055310 0.756267 0.110620 0.482133 0.06335576699930377
0 0.109771 0.693280 0.219541 0.429387 0.09340914365281969
0 0.116888 0.622987 0.233776 0.395787 0.12125783244372243
0 0.183039 0.610680 0.185950 0.230747 0.15142724530053375
0 0.275089 0.592027 0.151288 0.188587 0.18356927361336736
0 0.310564 0.571360 0.133253 0.175200 0.209213274541657
0 0.321425 0.561933 0.102303 0.164667 0.2381062891622186
0 0.333772 0.539347 0.122729 0.148400 0.2650266883267579
0 0.360238 0.529493 0.085161 0.110987 0.3218844279415177
0 0.387572 0.509680 0.072842 0.112160 0.433627291715015
2 0.465374 0.501387 0.006546 0.055893 0.6480621954049663
0 0.573454 0.563453 0.055636 0.145573 0.23659781851937803
0 0.637903 0.524933 0.098494 0.133013 0.29600835460663727
0 0.580519 0.502627 0.058510 0.086800 0.4747041076815966
0 0.520209 0.503760 0.020886 0.052693 0.6303086563007658
