0 0.846880 0.579133 0.304630 0.468187 0.09503365049895567
0 0.976638 0.439173 0.045113 0.123467 0.285100951496867
0 0.320680 0.566040 0.083164 0.195387 0.2072406590856347
0 0.386985 0.569120 0.096932 0.227733 0.18913901137154793
0 0.715946 0.456667 0.118543 0.145547 0.30923648178231605
0 0.807512 0.436933 0.059308 0.101920 0.417614295660246
0 0.842234 0.430827 0.066143 0.092800 0.4231840334184265
0 0.360225 0.544960 0.063881 0.138240 0.27999535855186813
0 0.547440 0.486720 0.036602 0.086347 0.41726618705035967
0 0.495676 0.491840 0.026296 0.067627 0.5489672777906707
0 0.462721 0.462680 0.027230 0.041413 0.9296820608029706
