1 0.266856 0.480440 0.013148 0.116667 0.3476444650731028
1 0.343901 0.478240 0.008591 0.085120 0.4618240891158041
1 0.265717 0.461040 0.009662 0.090400 0.4733116732420515
0 0.817242 0.546653 0.087190 0.128507 0.2780227430958459
0 0.881381 0.550013 0.097399 0.123067 0.27686238106289157
0 0.934215 0.551720 0.100974 0.124613 0.28405662566720813
1 0.283321 0.461133 0.009396 0.096720 0.46124390809932697
1 0.332645 0.562573 0.027110 0.238640 0.15676491065212345
1 0.424605 0.550333 0.042142 0.262480 0.16163843119053142
2 0.588188 0.563760 0.086586 0.312533 0.13819911812485494
2 0.122895 0.650000 0.117045 0.491733 0.09016012996054767
0 0.498917 0.495453 0.029058 0.075227 0.4374564864237642
1 0.245390 0.468173 0.012343 0.105360 0.39777210489672776
1 0.182995 0.467213 0.008857 0.117040 0.3588999767927593
1 0.811401 0.511773 0.016103 0.097307 0.4114643768855883
