0 0.506027 0.566720 0.052923 0.166347 0.2335808772336969
0 0.770620 0.642333 0.192609 0.385093 0.11255511719656532
0 0.621212 0.554507 0.089831 0.156587 0.24019494082153628
0 0.583281 0.535107 0.075548 0.107227 0.31666279879322345
0 0.322685 0.569373 0.076916 0.158427 0.2515664887444883
0 0.409710 0.525293 0.039726 0.086427 0.4438384776050127
0 0.191421 0.593693 0.118108 0.163440 0.23764214434903688
0 0.260713 0.552440 0.069944 0.142853 0.30877233696913436
0 0.460749 0.506187 0.027037 0.050773 0.671849617080529
0 0.337262 0.529453 0.049082 0.087280 0.4310744952425156
0 0.400056 0.518013 0.040193 0.058907 0.5784404734277094
0 0.047077 0.587667 0.094155 0.168080 0.21977256904154097
0 0.065688 0.547307 0.112327 0.108373 0.3387096774193548
0 0.541848 0.491627 0.019605 0.040000 0.8698073799025294
