0 0.502935 0.621040 0.061554 0.176693 0.20584822464608954
0 0.127943 0.617920 0.129928 0.194507 0.2158273381294964
2 0.890564 0.695227 0.161465 0.375413 0.10768159665815732
1 0.327770 0.643267 0.028454 0.331440 0.1301926200974704
0 0.349489 0.595560 0.102649 0.172613 0.2311441169644929
0 0.365048 0.593400 0.095250 0.132453 0.26699930378278025
0 0.387105 0.580907 0.088607 0.115147 0.30389881643072636
0 0.414827 0.565893 0.061151 0.094187 0.3883731724297981
0 0.436691 0.543133 0.045894 0.061200 0.5440937572522627
0 0.567327 0.576920 0.044348 0.106000 0.33151543281503826
0 0.486848 0.566800 0.034082 0.107093 0.35321420283128335
0 0.268349 0.549693 0.054106 0.081733 0.44836388953353445
