0 0.142653 0.749360 0.285306 0.469280 0.05291250870271524
1 0.625427 0.559533 0.053671 0.328667 0.1264794615920167
2 0.963969 0.432587 0.041465 0.137227 0.27953121373868645
1 0.371848 0.588627 0.069348 0.343547 0.11568809468554189
1 0.372448 0.589467 0.053140 0.392107 0.1046646553724762
2 0.792262 0.478933 0.026989 0.172427 0.22951961011835692
1 0.089984 0.593413 0.018116 0.249867 0.15467625899280574
1 0.079167 0.606427 0.028720 0.242933 0.14968670225110234
2 0.388667 0.580547 0.092633 0.296827 0.13262938036667438
1 0.015467 0.600320 0.030934 0.313280 0.13982362497099093
0 0.975181 0.463413 0.019042 0.118027 0.23671385472267345
0 0.377452 0.480907 0.026208 0.063307 0.5316778834996518
