0 0.289126 0.702013 0.206787 0.457573 0.09828266419122766
0 0.807097 0.710040 0.384195 0.574587 0.0650963100487352
0 0.376872 0.618040 0.119348 0.251813 0.1561847296356463
0 0.556365 0.538293 0.045998 0.116000 0.3138779299141332
0 0.641457 0.626333 0.133977 0.297413 0.13030865630076582
1 0.338285 0.557707 0.016731 0.225920 0.18391738222325363
1 0.347931 0.544680 0.009372 0.185840 0.22023671385472265
0 0.459175 0.510880 0.026659 0.080587 0.4705268043629612
0 0.537395 0.515400 0.030330 0.082747 0.45706660478069155
1 0.351679 0.549240 0.012375 0.189520 0.2129264330471107
