0 0.491260 0.507467 0.020233 0.063733 0.5683453237410071
0 0.138394 0.787720 0.276787 0.419227 0.04246925040612671
0 0.961856 0.744640 0.074678 0.505387 0.007426317010907403
0 0.844726 0.722907 0.308937 0.548853 0.05244836388953353
0 0.611663 0.599133 0.102246 0.236880 0.16535158969598512
0 0.546228 0.530040 0.038092 0.104933 0.3431190531445811
0 0.578092 0.560760 0.064992 0.174960 0.22476212578324437
0 0.286345 0.554000 0.075700 0.090880 0.3981202135066141
0 0.189336 0.566467 0.085564 0.095067 0.3981202135066141
0 0.088301 0.579987 0.074654 0.092827 0.3993966117428638
0 0.527725 0.508320 0.023068 0.063093 0.5574379206312369
1 0.830117 0.628240 0.046433 0.516267 0.08273381294964029
