0 0.498543 0.528520 0.048470 0.130693 0.25597586446971454
0 0.050479 0.745760 0.100958 0.503147 0.06741703411464375
0 0.141735 0.699320 0.214968 0.383067 0.10164771408679507
0 0.279046 0.559760 0.111377 0.192373 0.19238802506381988
0 0.390805 0.596413 0.100097 0.200293 0.165583662102576
0 0.416989 0.554587 0.057472 0.159307 0.22789510327222093
0 0.363023 0.529160 0.072214 0.106480 0.3077280111394755
1 0.737214 0.688787 0.057166 0.431120 0.08354606637270828
0 0.678816 0.653227 0.172222 0.354987 0.11568809468554189
0 0.611308 0.585733 0.100298 0.203093 0.1713854722673474
0 0.578257 0.527653 0.060233 0.158720 0.2410071942446043
0 0.532009 0.496213 0.028720 0.072533 0.45033650498955674
0 0.491896 0.504520 0.030684 0.092720 0.39011371547922946
0 0.188905 0.515000 0.070113 0.097413 0.3359248085402645
