0 0.492170 0.576680 0.075548 0.236667 0.16999303782780226
0 0.888539 0.716760 0.221312 0.561147 0.07205848224646089
0 0.748233 0.644053 0.190362 0.350027 0.11545602227895102
0 0.676671 0.571160 0.168607 0.260507 0.15467625899280574
0 0.648092 0.555133 0.120628 0.177040 0.19656532838245533
0 0.072174 0.606987 0.144348 0.263253 0.14933859364121604
0 0.154722 0.551133 0.118317 0.192667 0.21002552796472498
1 0.552049 0.511587 0.014791 0.112773 0.33070317939197025
1 0.048273 0.536493 0.012246 0.189147 0.21524715711301926
1 0.737862 0.481387 0.007609 0.105227 0.38663262938036663
1 0.738148 0.480840 0.005572 0.077520 0.5212346252030633
