0 0.502568 0.555080 0.059952 0.187653 0.20874912972847526
0 0.917359 0.700493 0.163671 0.593680 0.06706892550475749
0 0.616115 0.528747 0.106224 0.159520 0.23218844279415177
0 0.566840 0.491213 0.060040 0.083387 0.4358319795776282
0 0.547838 0.485080 0.040845 0.062693 0.5625435135762357
0 0.144235 0.567333 0.137536 0.198667 0.21536319331631465
0 0.239662 0.543773 0.080596 0.137040 0.29171501508470643
0 0.296393 0.529227 0.054670 0.088000 0.3698073799025296
0 0.367001 0.499267 0.034243 0.061520 0.5602227895103272
0 0.382657 0.488773 0.025620 0.066773 0.6347180320259921
0 0.406369 0.484773 0.025056 0.048213 0.7553956834532373
0 0.912589 0.530000 0.115628 0.096747 0.32803434671617543
0 0.169718 0.536067 0.064074 0.111760 0.3123694592712926
