0 0.491912 0.542053 0.047061 0.126720 0.2631701090740311
0 0.267424 0.600187 0.148180 0.214453 0.17359016012996054
0 0.315479 0.581280 0.116610 0.164907 0.2079368763054073
0 0.351731 0.538280 0.073865 0.119813 0.29844511487584124
0 0.428406 0.552800 0.053269 0.114987 0.27256904154096073
0 0.580282 0.562760 0.072077 0.165253 0.22278951032722208
0 0.560314 0.547933 0.052770 0.118373 0.27906706892550476
0 0.548406 0.517413 0.037697 0.107253 0.3472963564632165
0 0.520600 0.503400 0.022536 0.058053 0.5577860292411232
0 0.113756 0.623093 0.150056 0.212533 0.1697609654212114
0 0.490958 0.518827 0.031369 0.094827 0.38210721745184495
0 0.086397 0.560627 0.097899 0.132613 0.2480854026456254
