0 0.091542 0.681133 0.183084 0.415813 0.09874680900440937
0 0.126014 0.595347 0.252029 0.400187 0.12880018565792525
2 0.387738 0.559413 0.025282 0.171947 0.21733580877233696
0 0.907935 0.732973 0.182520 0.469200 0.08389417498259456
0 0.848635 0.668733 0.296320 0.355227 0.11301926200974703
0 0.752814 0.620293 0.229493 0.247253 0.14643768855883033
0 0.714964 0.576373 0.173712 0.245813 0.17451844975632394
0 0.299581 0.556440 0.129581 0.138907 0.2581805523323277
0 0.327419 0.544267 0.106594 0.122187 0.2888141100023207
0 0.529654 0.534147 0.043285 0.105627 0.3264098398700394
0 0.509497 0.506267 0.023937 0.067040 0.5013924344395451
