2 0.433498 0.580840 0.043551 0.266960 0.1569969830587143
0 0.863732 0.729067 0.270926 0.536533 0.06822928753771176
0 0.608800 0.658333 0.177971 0.359440 0.11592016709213274
0 0.138909 0.681347 0.177399 0.316187 0.13785100951496868
0 0.506723 0.560493 0.084573 0.207227 0.19552100255279647
0 0.470137 0.541880 0.066538 0.150267 0.2529589231840334
0 0.254960 0.584333 0.058486 0.145680 0.25574379206312364
1 0.596932 0.521600 0.023575 0.189867 0.20480389881643069
0 0.272911 0.552000 0.044034 0.109547 0.3209561383151543
0 0.446341 0.526507 0.043712 0.106187 0.3117892782548155
