1 0.527544 0.467173 0.016860 0.154720 0.25388721281039683
1 0.241095 0.529693 0.030998 0.323227 0.13471803202599208
1 0.709143 0.737413 0.073341 0.493173 0.05801810164771408
1 0.779279 0.717827 0.086546 0.532347 0.061151079136690635
1 0.498233 0.479307 0.028478 0.178187 0.2068925504757484
1 0.518792 0.532187 0.031208 0.322827 0.1322812717567881
1 0.514750 0.509800 0.027520 0.287013 0.14434903689951262
1 0.475982 0.533427 0.031643 0.319600 0.13112090972383383
1 0.455298 0.529373 0.032448 0.330747 0.12531909955906242
1 0.424223 0.470880 0.023180 0.176907 0.22580645161290322
1 0.441884 0.463053 0.015910 0.185520 0.2285913204919935
1 0.416200 0.465467 0.017762 0.171253 0.23799025295892318
1 0.395970 0.469640 0.018027 0.180987 0.2253423067997215
1 0.333519 0.468987 0.019372 0.180480 0.22476212578324437
1 0.352395 0.474267 0.016159 0.158347 0.2298677187282432
1 0.372536 0.466040 0.017101 0.180613 0.22998375493153864
