0 0.068921 0.766173 0.137842 0.462320 0.008702715247157112
0 0.233889 0.707827 0.194396 0.398693 0.10907403109770247
0 0.331808 0.603427 0.115209 0.233040 0.17010907403109768
0 0.835056 0.509640 0.101433 0.192613 0.2184961708052912
0 0.748587 0.517027 0.092246 0.157040 0.23497331167324204
0 0.706606 0.513027 0.077963 0.139813 0.26525876073334875
0 0.688237 0.511000 0.078486 0.121253 0.3029705268043629
0 0.671731 0.498053 0.076232 0.114187 0.33557669993037825
0 0.570721 0.549573 0.060443 0.159307 0.2459967509863077
0 0.407766 0.533933 0.054952 0.128080 0.29972151311209094
0 0.605813 0.488613 0.057697 0.084533 0.47029473195637034
