0 0.159899 0.759160 0.319799 0.476347 0.049431422603852394
0 0.571023 0.555427 0.080000 0.183280 0.2079368763054073
0 0.856268 0.764947 0.285853 0.464773 0.02413553028544906
0 0.243188 0.706693 0.215250 0.428427 0.10257600371315849
1 0.164026 0.634720 0.040628 0.443893 0.09468554188906939
1 0.218869 0.595973 0.023551 0.327733 0.1256672081689487
0 0.432536 0.515133 0.035974 0.105787 0.36388953353446274
0 0.533531 0.511080 0.043406 0.109573 0.35112555117196564
1 0.229936 0.628493 0.023140 0.336240 0.121141796240427
0 0.446312 0.500040 0.023865 0.065573 0.5220468786261313
0 0.513953 0.488427 0.022866 0.078720 0.5489672777906707
