0 0.652214 0.594067 0.106844 0.224133 0.16883267579484798
0 0.533897 0.492040 0.055733 0.063653 0.5213506614063588
1 0.405032 0.511587 0.009936 0.112187 0.34752842886980734
2 0.697089 0.524147 0.050781 0.131813 0.279415177535391
0 0.682138 0.478573 0.055145 0.068133 0.5451380830819215
0 0.819138 0.470200 0.073060 0.065947 0.5205384079832908
0 0.325717 0.511040 0.051675 0.066720 0.516825249477837
0 0.227999 0.515040 0.043776 0.062133 0.5627755859828266
0 0.485874 0.487560 0.017335 0.039333 0.8540264562543513
0 0.458563 0.487773 0.020153 0.040133 0.8622650266883267
