1 0.690362 0.536333 0.031127 0.243067 0.15630076583894176
2 0.346594 0.603000 0.043833 0.273787 0.14991877465769318
2 0.384811 0.545387 0.023776 0.182293 0.23160826177767463
0 0.603973 0.581680 0.089557 0.230720 0.1721977256904154
0 0.566039 0.539613 0.063221 0.187333 0.23126015316778833
0 0.548470 0.518733 0.049098 0.152613 0.2954281735901601
1 0.502210 0.480013 0.009928 0.080027 0.5356231144116964
1 0.505105 0.484213 0.009388 0.077973 0.5404966349501044
0 0.438273 0.483600 0.019428 0.065547 0.6611742863773497
0 0.397029 0.515027 0.034670 0.089467 0.39870039452309114
0 0.203317 0.682293 0.195137 0.333973 0.1339057786029241
0 0.301775 0.594827 0.097287 0.205227 0.19285216987700163
