0 0.355390 0.644747 0.124678 0.317493 0.13785100951496868
0 0.852057 0.791400 0.294275 0.411867 0.04386168484567184
0 0.654706 0.685280 0.147544 0.378133 0.11592016709213274
0 0.582593 0.619307 0.086103 0.226507 0.17823160826177764
0 0.396192 0.597533 0.069324 0.197093 0.20004641448131813
0 0.413527 0.567867 0.054541 0.138720 0.2592248781619865
0 0.555705 0.567453 0.057770 0.148987 0.256904154096078
0 0.534597 0.556600 0.043849 0.117520 0.31329774889765605
0 0.437959 0.538040 0.030717 0.086320 0.4346716175446739
0 0.454074 0.517280 0.027021 0.090293 0.4998839637967045
0 0.463780 0.516907 0.025193 0.075573 0.5688094685541889
