0 0.883168 0.652947 0.232053 0.688773 0.025527964724994197
1 0.646184 0.527907 0.025765 0.185627 0.20387560919006728
2 0.403595 0.548120 0.022762 0.165307 0.2418194476676723
2 0.417814 0.523827 0.015306 0.130320 0.32002784868879086
0 0.100044 0.762333 0.200089 0.470000 0.09074031097702483
0 0.577758 0.559933 0.063003 0.169040 0.22812717567881177
0 0.553490 0.530293 0.050684 0.147787 0.28730563935948017
1 0.494565 0.482333 0.008052 0.071867 0.5960779763286145
1 0.499388 0.485493 0.007520 0.069973 0.6016477140867951
0 0.445930 0.487627 0.017609 0.060213 0.7180320259921095
