0 0.496771 0.525387 0.039646 0.124213 0.30471106985379437
0 0.309412 0.562360 0.071272 0.131867 0.26340218148062194
0 0.694291 0.581680 0.163655 0.262773 0.14899048503132975
0 0.614207 0.540360 0.109992 0.153840 0.22638663262938036
0 0.602359 0.527360 0.089291 0.130987 0.2702483174750522
0 0.595209 0.507400 0.076184 0.122800 0.3143420747273149
0 0.550535 0.496707 0.055499 0.072987 0.4787653747969366
0 0.331063 0.506880 0.043253 0.085280 0.4671617544673938
0 0.354134 0.503920 0.033841 0.071040 0.5402645625435135
0 0.403052 0.490107 0.021449 0.041867 0.8107449524251567
0 0.306562 0.500053 0.027021 0.061547 0.5536087259224878
0 0.109308 0.510907 0.032931 0.070187 0.4972151311209097
