0 0.853378 0.731533 0.291634 0.531600 0.045022046878626126
0 0.084976 0.780840 0.169952 0.432987 0.05349268971919239
0 0.216820 0.669640 0.197343 0.414960 0.11533998607565558
0 0.642122 0.600627 0.124839 0.284613 0.14411696449292177
0 0.325439 0.586147 0.102053 0.243547 0.1788117892782548
0 0.592275 0.545800 0.081554 0.174213 0.21571130192620094
0 0.537975 0.504493 0.035419 0.093787 0.39139011371547916
0 0.515841 0.497160 0.023180 0.061307 0.5536087259224878
0 0.422786 0.506693 0.024074 0.054240 0.5826177767463449
0 0.500765 0.489427 0.027665 0.062107 0.6342538872128103
0 0.478820 0.489920 0.021023 0.044533 0.7763982362497098
