0 0.933353 0.561373 0.102697 0.136933 0.28417266187050355
0 0.881453 0.555267 0.100797 0.130053 0.2755859828266419
0 0.813764 0.555000 0.093357 0.140133 0.28115572058482247
0 0.498889 0.500400 0.027504 0.080853 0.42747737294035737
1 0.684122 0.625680 0.052866 0.432693 0.09851473659781851
1 0.235205 0.525653 0.042858 0.213387 0.20167092132745415
1 0.272645 0.523613 0.040250 0.205840 0.20816894871199815
1 0.296948 0.529600 0.022544 0.217813 0.19784172661870503
1 0.348370 0.558293 0.044549 0.277600 0.15688094685541887
1 0.384988 0.550893 0.033551 0.245840 0.165583662102576
1 0.237508 0.552307 0.026304 0.256400 0.16465537247621256
1 0.271771 0.546840 0.020934 0.246373 0.1710373636574611
1 0.300177 0.549240 0.028180 0.219493 0.17683917382223252
1 0.250278 0.531840 0.023615 0.220907 0.1899512647946159
