0 0.564239 0.553373 0.057174 0.146373 0.26258992805755393
0 0.143567 0.775120 0.287134 0.444427 0.07867254583430029
0 0.802560 0.539800 0.207665 0.198267 0.18124854954745878
0 0.750326 0.496773 0.160201 0.210827 0.21733580877233696
0 0.355278 0.554893 0.054066 0.128027 0.3130656764910652
0 0.259308 0.622760 0.107617 0.205093 0.1854258528660942
0 0.680624 0.502747 0.114163 0.134240 0.288349965189139
0 0.394070 0.531120 0.035306 0.082827 0.4444186586214898
0 0.911530 0.458133 0.105314 0.113227 0.3613367370619633
0 0.871948 0.456320 0.099630 0.091733 0.40009282896263626
