0 0.850298 0.771573 0.297794 0.451520 0.041308888373172425
0 0.623607 0.602187 0.109082 0.287733 0.14690183337201207
0 0.166759 0.619800 0.257625 0.291707 0.13065676491065212
0 0.233659 0.585173 0.186900 0.240213 0.16140635878394058
0 0.247383 0.552200 0.144138 0.246053 0.18948711998143417
0 0.276852 0.560427 0.120596 0.155253 0.21907635182176835
0 0.332323 0.542680 0.106530 0.134693 0.2516825249477837
0 0.353563 0.539573 0.097705 0.130507 0.27744256207936874
0 0.354372 0.518907 0.078019 0.127680 0.3052912508702715
0 0.363869 0.517480 0.095982 0.117253 0.3333720120677651
0 0.397367 0.481027 0.062351 0.096347 0.5027848688790902
2 0.465733 0.484827 0.005620 0.048480 0.7454165699698305
0 0.551920 0.535200 0.041554 0.109280 0.30540728707356696
0 0.514179 0.488600 0.018502 0.047333 0.6984219076351821
