0 0.172069 0.739893 0.344138 0.514880 0.06312369459271293
0 0.840250 0.712347 0.317890 0.569973 0.030517521466697606
0 0.329304 0.653973 0.168188 0.339253 0.12090972383383615
0 0.557903 0.533720 0.054420 0.132027 0.2788349965189139
0 0.698007 0.699187 0.216691 0.441573 0.09549779531213738
0 0.367681 0.572640 0.097279 0.204213 0.18426549083313992
1 0.298325 0.571107 0.023543 0.269467 0.15456022278951032
1 0.317303 0.550720 0.014879 0.216000 0.18971919238802507
0 0.449783 0.506067 0.028873 0.087440 0.43548387096774194
0 0.534372 0.503920 0.033784 0.090080 0.4217915989788814
1 0.323523 0.557213 0.015242 0.221253 0.18275702019029935
0 0.519533 0.488760 0.020757 0.069307 0.6197493618008818
