0 0.160157 0.749627 0.320314 0.495413 0.04374564864237642
0 0.859521 0.740840 0.279348 0.512987 0.037711766071014154
0 0.310588 0.638907 0.123591 0.276107 0.1471339057786029
0 0.369203 0.575467 0.087150 0.184427 0.20758876769552098
0 0.791944 0.513427 0.088510 0.162853 0.25481550243676027
0 0.721498 0.515613 0.081932 0.134747 0.270480389881643
0 0.687367 0.509053 0.069404 0.121893 0.30181016477140865
0 0.675608 0.511200 0.070942 0.108160 0.33882571362265024
0 0.565942 0.539427 0.052625 0.136453 0.283476444650731
0 0.423692 0.527360 0.047850 0.112693 0.33743327918310506
0 0.604565 0.486213 0.053317 0.078347 0.5066140635878393
