0 0.805451 0.744787 0.338744 0.505093 0.0704339754003249
2 0.162903 0.720787 0.143776 0.553093 0.07403109770248317
0 0.151542 0.727413 0.215097 0.382880 0.10733348804827106
0 0.594114 0.584893 0.122432 0.294160 0.15189139011371547
0 0.248651 0.612240 0.127560 0.238773 0.16813645857507542
0 0.500346 0.528440 0.051095 0.124773 0.2912508702715247
0 0.344517 0.538373 0.042238 0.096053 0.3520538407983291
0 0.470109 0.510813 0.030942 0.085627 0.4082153631933163
1 0.332903 0.501893 0.011393 0.091307 0.44627523787421675
1 0.322222 0.509173 0.011594 0.091680 0.44418658621489904
2 0.276244 0.678440 0.087609 0.424400 0.10118356927361337
