0 0.494308 0.524560 0.037230 0.116693 0.323044789974472
0 0.887363 0.727400 0.223663 0.539867 0.07368298909259688
0 0.758981 0.645013 0.203519 0.343840 0.11522394987236016
0 0.387013 0.516613 0.033816 0.068107 0.4792295196101183
0 0.104344 0.707013 0.208688 0.356693 0.11406358783940589
0 0.615845 0.531733 0.107359 0.152267 0.240659085634718
0 0.576027 0.516640 0.079847 0.105920 0.3184033418426549
0 0.354521 0.502120 0.034147 0.070800 0.5574379206312369
0 0.370761 0.496267 0.027528 0.060160 0.6335576699930378
0 0.409247 0.489333 0.018945 0.037653 0.8985843583197957
0 0.330922 0.499720 0.021651 0.052400 0.6471339057786029
