0 0.500362 0.562987 0.058132 0.157173 0.2167556277558598
0 0.060942 0.566907 0.121884 0.242987 0.1684845671849617
1 0.243241 0.650227 0.050459 0.523333 0.08377813877929913
0 0.315564 0.557440 0.126393 0.218187 0.18356927361336736
0 0.339726 0.549120 0.114605 0.158347 0.21861220700858666
0 0.368414 0.547733 0.106087 0.134027 0.25539568345323743
0 0.407484 0.517173 0.066465 0.104587 0.3414945462984451
0 0.433615 0.498333 0.050290 0.065520 0.4965189139011371
0 0.582379 0.538160 0.054082 0.117760 0.28359248085402644
0 0.564066 0.512080 0.042415 0.109120 0.36911116268275695
1 0.537657 0.517933 0.011272 0.094107 0.3716639591552564
0 0.490290 0.521293 0.032979 0.099653 0.36446971455093985
0 0.243249 0.499987 0.063744 0.088507 0.40032490136922716
