1 0.345853 0.481920 0.012399 0.105173 0.40102111858899975
0 0.330258 0.470133 0.047440 0.119733 0.437688558830355
0 0.363015 0.479707 0.046723 0.088533 0.4646089579948944
0 0.408112 0.473333 0.054742 0.076427 0.4792295196101183
0 0.552552 0.463453 0.040016 0.064240 0.5533766535158969
0 0.586948 0.458640 0.042673 0.068213 0.576699930378278
0 0.612862 0.466520 0.047818 0.053733 0.6246228823392898
0 0.636067 0.466613 0.035258 0.053973 0.630656764910652
0 0.655382 0.467920 0.039589 0.050987 0.6392434439545138
0 0.676417 0.462680 0.046329 0.053093 0.650150847064284
0 0.729787 0.453973 0.043390 0.050027 0.705964260849385
0 0.747089 0.456773 0.037963 0.045653 0.7222093293107449
