0 0.503341 0.561253 0.061997 0.194027 0.20259921095381758
0 0.962222 0.699920 0.073945 0.594827 0.05476908795544209
0 0.623961 0.536400 0.112754 0.169920 0.21930842422835922
0 0.569332 0.495907 0.061771 0.086053 0.4229519610118357
0 0.548861 0.491360 0.041699 0.064107 0.5505917846368067
0 0.121606 0.577267 0.151812 0.213093 0.20259921095381758
0 0.228060 0.550893 0.086135 0.144027 0.27871896031561844
0 0.290229 0.536093 0.057303 0.091973 0.35739150614991877
0 0.364694 0.505027 0.035330 0.063013 0.5474588071478301
0 0.380813 0.493827 0.026200 0.068240 0.621721977256904
0 0.405213 0.487613 0.025580 0.049093 0.7423996286841493
0 0.437009 0.483893 0.024871 0.037280 0.8857043397540032
0 0.933196 0.530093 0.121868 0.101040 0.3142260385240194
0 0.157291 0.539267 0.067802 0.116400 0.3006498027384544
