0 0.174058 0.763480 0.348116 0.467707 0.06753307031793919
0 0.856107 0.721827 0.286176 0.551013 0.05883035507078208
0 0.373603 0.568667 0.082955 0.234933 0.18194476676723137
0 0.400451 0.543667 0.079275 0.155173 0.23903457878858203
0 0.631401 0.444920 0.055056 0.060400 0.6139475516361104
0 0.762564 0.669200 0.128060 0.385227 0.10919006730099791
0 0.788792 0.570960 0.119758 0.264373 0.1552564400092829
0 0.673949 0.490107 0.120217 0.147840 0.288349965189139
0 0.972564 0.527587 0.053261 0.179920 0.2077048038988164
0 0.882456 0.488867 0.096200 0.107547 0.3155024367602692
