0 0.483639 0.537227 0.045765 0.122400 0.2715247157113019
0 0.092061 0.743067 0.184122 0.508533 0.07124622882339289
0 0.275946 0.599627 0.140201 0.225867 0.16036203295428172
0 0.348977 0.546933 0.106248 0.159040 0.22951961011835692
0 0.408180 0.509293 0.067359 0.092667 0.4173822232536551
0 0.850745 0.753067 0.296900 0.488533 0.0667208168948712
0 0.581715 0.543400 0.058035 0.129307 0.26885588303550706
0 0.220221 0.557307 0.092440 0.142987 0.23079600835460662
0 0.493188 0.508493 0.030725 0.092827 0.3896495706660478
0 0.140950 0.529107 0.092673 0.111707 0.28695753074959385
