0 0.863366 0.766440 0.271659 0.461787 0.04850313297748897
0 0.090982 0.702653 0.181965 0.403067 0.08807147830122998
0 0.196208 0.603133 0.195427 0.235973 0.15189139011371547
0 0.256747 0.588013 0.183478 0.204187 0.17718728243211881
0 0.277742 0.568440 0.152649 0.176560 0.20573218844279414
0 0.713209 0.693427 0.190378 0.424773 0.10652123462520305
0 0.577363 0.557093 0.056176 0.130613 0.26351821768391737
0 0.330181 0.562000 0.109831 0.150560 0.23416105825017403
0 0.625644 0.531333 0.083510 0.090613 0.3476444650731028
0 0.412484 0.507813 0.056820 0.063520 0.5388721281039683
0 0.425914 0.497773 0.051200 0.070587 0.5958459039220236
