0 0.853981 0.740960 0.290427 0.512747 0.045254119285216984
0 0.109203 0.759787 0.218406 0.475093 0.09990717103736364
0 0.323060 0.576507 0.082271 0.169120 0.22963564632165231
0 0.361171 0.554600 0.058510 0.121093 0.2918310512880018
0 0.384199 0.536867 0.041506 0.099280 0.34868879090276167
0 0.402774 0.526187 0.036288 0.080907 0.4173822232536551
0 0.667886 0.465560 0.082713 0.105147 0.36609422139707587
0 0.636872 0.466973 0.061940 0.092453 0.4224878161986539
0 0.931139 0.416387 0.107770 0.102640 0.3564632165235553
0 0.895717 0.418707 0.100966 0.101893 0.38848920863309344
0 0.873736 0.424000 0.098680 0.086560 0.4224878161986539
0 0.857798 0.423453 0.090539 0.082320 0.4535855186818287
0 0.551304 0.499387 0.030580 0.079893 0.43826873984683223
