2 0.690137 0.522800 0.054267 0.267147 0.15514040380598745
1 0.915568 0.625760 0.138269 0.716480 0.039336272917150146
1 0.753011 0.466787 0.016860 0.163707 0.2451844975632397
1 0.470201 0.600373 0.041240 0.384907 0.11035042933395219
1 0.403056 0.584827 0.051296 0.369707 0.12067765142724529
1 0.432742 0.573520 0.050684 0.412587 0.11116268275702018
1 0.696538 0.505533 0.029082 0.204667 0.19018333720120678
1 0.883100 0.502520 0.035894 0.237200 0.16987700162450683
1 0.913406 0.484907 0.038615 0.273013 0.15583662102576
1 0.895032 0.512973 0.027037 0.223707 0.16268275702019028
