0 0.933519 0.562333 0.102367 0.137040 0.28428869807379903
0 0.881473 0.555187 0.101031 0.130053 0.2755859828266419
0 0.813720 0.555133 0.093382 0.140133 0.28115572058482247
0 0.498913 0.500267 0.027536 0.080853 0.42747737294035737
1 0.727295 0.614707 0.066828 0.414533 0.10002320724065906
1 0.761731 0.618587 0.049388 0.363040 0.10478069157577162
1 0.458796 0.570320 0.041329 0.300800 0.13831515432815036
1 0.234368 0.498640 0.027045 0.174453 0.24460431654676254
1 0.268076 0.511773 0.016103 0.179067 0.23891854258528658
1 0.257367 0.529520 0.025765 0.223520 0.19285216987700163
1 0.289545 0.535573 0.031940 0.203573 0.19830587143188674
1 0.181180 0.512880 0.022279 0.201227 0.20782084010211185
1 0.210258 0.516347 0.020129 0.197760 0.2113019262009747
1 0.234203 0.524053 0.018519 0.178240 0.2162914829426781
1 0.243124 0.513560 0.027520 0.180453 0.23091204455790204
