0 0.084851 0.778733 0.169702 0.437200 0.033882571362265024
1 0.731002 0.545573 0.033390 0.284000 0.16047806915757715
0 0.767387 0.702280 0.210572 0.422213 0.10002320724065906
0 0.669320 0.609947 0.115081 0.238507 0.162334648410304
0 0.353188 0.604800 0.105539 0.234027 0.17196565328382454
0 0.399597 0.569653 0.063929 0.157440 0.23555349268971917
0 0.612899 0.560013 0.069614 0.159280 0.2418194476676723
0 0.427850 0.539973 0.047343 0.131413 0.32269668136458574
0 0.471417 0.524533 0.043430 0.096427 0.4012531909955906
0 0.590056 0.536147 0.038052 0.118107 0.3283824553260617
0 0.547649 0.508160 0.042850 0.069920 0.5203063355766999
