0 0.897073 0.751387 0.204243 0.491893 0.03098166627987932
0 0.079320 0.785293 0.158639 0.424080 0.08343003016941286
0 0.368792 0.553093 0.044138 0.101120 0.3455558134137851
0 0.542041 0.512320 0.036530 0.093707 0.38663262938036663
0 0.387975 0.537547 0.037754 0.081600 0.40879554420979336
0 0.409102 0.519187 0.029815 0.081307 0.5055697377581805
0 0.088639 0.587987 0.070338 0.085573 0.4355999071710373
0 0.127242 0.581733 0.063229 0.083147 0.4359480157809236
0 0.162198 0.573360 0.067182 0.089973 0.42910187978649333
0 0.203603 0.574960 0.058881 0.089707 0.4315386400556973
