0 0.496985 0.523747 0.034694 0.108667 0.3452077048038988
0 0.023551 0.631987 0.047101 0.264773 0.12125783244372243
0 0.890040 0.713467 0.218309 0.567733 0.07205848224646089
0 0.776598 0.642560 0.200539 0.365760 0.11383151543281504
0 0.679581 0.589667 0.152899 0.243173 0.15398004177303318
0 0.632721 0.558187 0.119565 0.209120 0.19320027848688787
0 0.617085 0.543253 0.108744 0.156640 0.23508934787653749
0 0.597939 0.527133 0.094622 0.142427 0.2765142724530053
0 0.581216 0.512960 0.074477 0.093973 0.3594801578092365
0 0.423865 0.506347 0.020692 0.050133 0.64365281967974
0 0.556824 0.500400 0.056159 0.072373 0.4844511487584126
0 0.542097 0.493440 0.046465 0.057920 0.5634718032025992
0 0.399924 0.493240 0.020958 0.048613 0.800301694128568
0 0.379416 0.491360 0.013986 0.037813 0.8899976792759341
