0 0.820390 0.744213 0.357609 0.506240 0.0679972151311209
0 0.279666 0.679067 0.142391 0.282133 0.14028776978417265
0 0.590439 0.581973 0.079767 0.198453 0.18739846832211646
0 0.364650 0.576280 0.073841 0.174640 0.2480854026456254
0 0.409533 0.536067 0.035121 0.095120 0.41007194244604317
2 0.462073 0.504107 0.007287 0.059040 0.7139707588767695
2 0.471212 0.499827 0.006884 0.055707 0.717103736365746
0 0.429533 0.520813 0.024767 0.059173 0.5966581573450916
0 0.516771 0.496107 0.015411 0.041973 0.8360408447435599
0 0.541123 0.520133 0.038043 0.104053 0.37003945230912044
