0 0.387057 0.532787 0.069493 0.159227 0.23067997215131117
2 0.707387 0.459067 0.049332 0.144213 0.27094453469482477
2 0.651727 0.461493 0.041087 0.128160 0.3251334416337897
1 0.429871 0.485333 0.019259 0.129867 0.3144581109306103
2 0.544267 0.461347 0.029243 0.090000 0.42446043165467623
1 0.343824 0.494213 0.018728 0.141813 0.2832443722441402
2 0.266039 0.528280 0.048615 0.147227 0.2630540728707357
1 0.304465 0.512200 0.019106 0.134000 0.29995358551868184
1 0.362991 0.501293 0.010378 0.140667 0.30784404734277093
0 0.870286 0.432227 0.088591 0.086427 0.41796240427013226
