0 0.919569 0.549267 0.159251 0.316720 0.17150150847064283
0 0.069654 0.750573 0.139308 0.493520 0.07205848224646089
0 0.101711 0.662613 0.203422 0.361600 0.1038524019494082
0 0.149304 0.597880 0.288720 0.331440 0.13065676491065212
0 0.288756 0.542213 0.153921 0.202827 0.20236713854722674
0 0.309404 0.548813 0.140290 0.148933 0.22661870503597123
0 0.216228 0.582480 0.199815 0.220640 0.16616384311905313
0 0.407492 0.507653 0.076417 0.079093 0.4121605941053609
0 0.847939 0.510027 0.114283 0.160107 0.2630540728707357
0 0.579187 0.504960 0.081546 0.096160 0.3633093525179856
