0 0.267581 0.681293 0.199444 0.397093 0.10652123462520305
2 0.970890 0.449560 0.027625 0.210853 0.19633325597586448
1 0.499304 0.519640 0.037287 0.222320 0.18647017869575305
2 0.741393 0.459160 0.040596 0.117787 0.3259456950568577
1 0.331345 0.543653 0.027585 0.256800 0.15804130888837314
2 0.733559 0.463533 0.024219 0.139760 0.2806915757716407
1 0.133643 0.565453 0.026675 0.183387 0.20944534694824785
1 0.114247 0.572920 0.023035 0.178693 0.20259921095381758
2 0.277673 0.558813 0.074831 0.227387 0.1723137618937108
1 0.115926 0.569373 0.029581 0.188613 0.19076351821768392
1 0.074493 0.579960 0.040821 0.239280 0.1705732188442794
1 0.198523 0.549053 0.021618 0.229413 0.1899512647946159
0 0.930012 0.450667 0.109380 0.102933 0.29171501508470643
