0 0.559384 0.551173 0.053760 0.139253 0.27488976560686934
0 0.195564 0.769333 0.239050 0.455413 0.09480157809236481
0 0.779638 0.535733 0.190853 0.183733 0.1948247853330239
0 0.734143 0.496067 0.149541 0.198213 0.23056393594801577
0 0.359275 0.551667 0.051401 0.122587 0.3259456950568577
0 0.273659 0.612533 0.097818 0.189173 0.19888605244836388
0 0.671151 0.502667 0.108454 0.128107 0.30169412856811323
0 0.395789 0.531587 0.034010 0.080453 0.45787885820375956
0 0.895141 0.460733 0.100588 0.108933 0.3752610814574147
0 0.857528 0.463067 0.095008 0.088373 0.4147133905778603
