0 0.496916 0.522560 0.034895 0.109280 0.3433511255511719
0 0.983591 0.714427 0.031208 0.565813 0.04687862613135298
0 0.854521 0.703760 0.244533 0.504107 0.08865165931770712
0 0.715620 0.622267 0.177955 0.304160 0.12822000464144814
0 0.654452 0.574627 0.136457 0.245733 0.16778834996518913
0 0.631739 0.552627 0.121063 0.177840 0.20956138315154324
0 0.609114 0.531640 0.104058 0.158267 0.2508702715247157
0 0.587033 0.516160 0.079654 0.101333 0.3347644465073103
0 0.417564 0.511547 0.022810 0.055040 0.590276166163843
0 0.560213 0.501040 0.059074 0.076427 0.45938732884660016
0 0.544070 0.496107 0.048559 0.060853 0.5382919470874913
0 0.396522 0.493720 0.021868 0.050267 0.7746576932002784
0 0.375447 0.491827 0.014517 0.038907 0.865630076583894
