0 0.425608 0.521853 0.026337 0.075067 0.46124390809932697
0 0.170805 0.516267 0.056296 0.091573 0.4451148758412624
0 0.216171 0.518253 0.045564 0.069147 0.5239034578788582
0 0.900531 0.578107 0.091337 0.105813 0.3817591088419586
0 0.251884 0.517293 0.038422 0.062587 0.5794847992573682
0 0.447774 0.509467 0.019122 0.050187 0.6641912276630308
0 0.480173 0.544160 0.040926 0.135040 0.2970526804362961
0 0.105805 0.530760 0.077746 0.095067 0.37154792295196104
2 0.736252 0.565720 0.024308 0.125520 0.30540728707356696
0 0.970463 0.576213 0.057464 0.097173 0.3904618240891158
