0 0.077307 0.741973 0.154614 0.510720 0.0725226270596426
0 0.086836 0.674147 0.173671 0.383227 0.10234393130656765
0 0.151171 0.657987 0.247899 0.298693 0.1285681132513344
0 0.195036 0.600773 0.219944 0.240267 0.15792527268507772
0 0.270161 0.582347 0.144074 0.190080 0.2104896727779067
0 0.294956 0.562493 0.139702 0.207120 0.24007890461824088
2 0.435527 0.551053 0.012536 0.098640 0.3757252262705964
0 0.853180 0.787373 0.292029 0.419920 0.04397772104896727
0 0.874469 0.673133 0.249452 0.400827 0.10327222093293106
0 0.812279 0.641480 0.222432 0.289413 0.1318171269436064
0 0.738716 0.626667 0.163374 0.220000 0.16465537247621256
0 0.704690 0.593187 0.119058 0.187013 0.1948247853330239
0 0.673168 0.594693 0.136659 0.172160 0.22360176375029006
0 0.644710 0.582040 0.123768 0.136880 0.25783244372244135
0 0.633317 0.560053 0.101240 0.147467 0.2846368066836853
0 0.365137 0.552707 0.087085 0.096613 0.36992341610582496
0 0.381502 0.553773 0.074356 0.088240 0.40160129960547686
0 0.526385 0.545920 0.031337 0.080053 0.43734045022046875
0 0.512226 0.527573 0.019300 0.055733 0.6119749361800881
