0 0.732742 0.675840 0.195386 0.369387 0.11313529821304245
0 0.455310 0.505907 0.065757 0.079707 0.4214434903689951
1 0.379670 0.521347 0.011272 0.134267 0.29113483406822926
2 0.737564 0.536320 0.066514 0.167253 0.22186122070085867
0 0.628869 0.482493 0.061795 0.075653 0.4919935019726154
0 0.782242 0.473533 0.077045 0.071653 0.4792295196101183
0 0.364428 0.511307 0.052351 0.074933 0.46600139243443944
0 0.212645 0.522560 0.052762 0.073333 0.47934555581341376
0 0.477890 0.484467 0.018583 0.041947 0.8020422371779995
0 0.448478 0.489840 0.021804 0.043093 0.8041308888373171
