0 0.058221 0.694733 0.116441 0.373947 0.11058250174054303
2 0.964932 0.583747 0.039541 0.530960 0.0770480389881643
2 0.394610 0.487427 0.013663 0.110587 0.38059874680900435
1 0.609851 0.558520 0.034726 0.312827 0.12671153399860755
1 0.571300 0.548213 0.042504 0.347253 0.12682757020190297
1 0.614666 0.529973 0.028897 0.275467 0.14899048503132975
2 0.270511 0.529880 0.032440 0.203867 0.2188442794151775
1 0.923905 0.422733 0.014702 0.123173 0.3527500580181016
1 0.941123 0.425680 0.014742 0.108000 0.3405662566720817
1 0.920560 0.433200 0.014452 0.120107 0.3420747273149222
2 0.976707 0.429933 0.015990 0.128187 0.3142260385240194
