0 0.124787 0.769627 0.249573 0.455413 0.05093989324669296
1 0.705471 0.537147 0.028285 0.250560 0.18101647714086794
0 0.727146 0.662840 0.166643 0.348613 0.11696449292179159
0 0.651667 0.594253 0.098148 0.210320 0.18066836853098164
0 0.369762 0.590147 0.093680 0.208507 0.1899512647946159
0 0.408514 0.560560 0.058623 0.145067 0.25319099559062425
0 0.605974 0.552600 0.063140 0.147173 0.2595729867718728
0 0.433543 0.536427 0.044380 0.123947 0.3406822928753771
0 0.474151 0.521133 0.041634 0.091867 0.4197029473195637
0 0.588176 0.533027 0.036256 0.111707 0.34578788582037595
0 0.547669 0.505627 0.041795 0.067413 0.5381759108841958
