0 0.939730 0.551387 0.118929 0.298987 0.13286145277326525
0 0.881308 0.538560 0.151715 0.245547 0.16535158969598512
0 0.816932 0.539813 0.138808 0.185600 0.19958226966813644
0 0.769585 0.531333 0.107110 0.155093 0.23334880482710604
0 0.805548 0.729600 0.312657 0.535467 0.07844047342770943
0 0.656618 0.627560 0.113752 0.252347 0.1466697609654212
0 0.319191 0.655840 0.153357 0.325173 0.1339057786029241
0 0.733619 0.521840 0.091844 0.131627 0.26699930378278025
0 0.679863 0.503467 0.095072 0.133387 0.30122998375493154
0 0.418929 0.561680 0.057907 0.156800 0.26224181944766767
0 0.435825 0.543627 0.050185 0.120213 0.3259456950568577
0 0.611932 0.488987 0.060177 0.068427 0.5847064284056626
