0 0.970129 0.556480 0.058132 0.330560 0.11499187746576932
0 0.920052 0.548533 0.158285 0.278933 0.1474820143884892
0 0.845994 0.539307 0.150813 0.205067 0.18229287537711766
0 0.786079 0.530573 0.115153 0.168400 0.2154792295196101
0 0.840439 0.737800 0.317512 0.519067 0.06010675330703179
0 0.679444 0.643613 0.138792 0.293040 0.12868414945462983
0 0.288591 0.682027 0.190274 0.386880 0.11592016709213274
0 0.746928 0.517573 0.097593 0.141013 0.2492457646785797
0 0.689360 0.495227 0.101667 0.141973 0.28370851705732186
0 0.411735 0.559187 0.063663 0.170160 0.2429798097006266
0 0.431924 0.538720 0.054332 0.127200 0.3077280111394755
