0 0.112355 0.774707 0.224710 0.445253 0.09723833836156881
0 0.917738 0.747173 0.162915 0.500320 0.026804362961243906
0 0.761804 0.735307 0.254541 0.516480 0.09201670921327453
0 0.249138 0.636013 0.124219 0.243547 0.1636110466465537
0 0.608108 0.572440 0.082979 0.178907 0.20526804362961243
0 0.350479 0.564880 0.072198 0.138667 0.2699002088651659
0 0.576288 0.551333 0.060982 0.132640 0.2731492225574379
0 0.404416 0.519560 0.032472 0.083387 0.44372244140171735
0 0.549835 0.525347 0.039573 0.097040 0.37212810396843815
0 0.439517 0.492373 0.043205 0.047520 0.7285913204919935
