0 0.121751 0.763013 0.243502 0.468640 0.081573450916686
0 0.963060 0.785547 0.072271 0.423573 0.024715711301926197
0 0.265258 0.643400 0.146667 0.269147 0.14620561615223948
0 0.809646 0.749493 0.269259 0.495680 0.0881875145045254
0 0.334513 0.587773 0.096014 0.174907 0.2093293107449524
0 0.665052 0.613747 0.133196 0.271387 0.14887444882803433
0 0.417866 0.523800 0.037198 0.087707 0.39231840334184265
0 0.615527 0.568147 0.077899 0.182107 0.2071246228823393
0 0.593088 0.540373 0.053615 0.135627 0.27129264330471103
0 0.576622 0.526773 0.045483 0.107307 0.3359248085402645
