0 0.491510 0.507533 0.019235 0.060613 0.5966581573450916
0 0.862685 0.749093 0.273019 0.496480 0.03655140403805987
0 0.442250 0.528413 0.031473 0.084773 0.40856347180320257
0 0.632134 0.613067 0.105958 0.251360 0.15560454861916917
0 0.587572 0.569040 0.077673 0.199093 0.208401021118589
0 0.567528 0.543533 0.051852 0.161040 0.25261081457414714
0 0.543969 0.526427 0.038293 0.098773 0.3655140403805987
0 0.524597 0.503827 0.021755 0.064560 0.5429333952193084
0 0.353043 0.517653 0.048084 0.059520 0.5971223021582733
0 0.290125 0.519920 0.054179 0.062080 0.5960779763286145
1 0.616014 0.512667 0.015298 0.163307 0.2530749593873288
