0 0.059710 0.740080 0.119420 0.433653 0.08377813877929913
0 0.140121 0.663227 0.260161 0.310507 0.11533998607565558
0 0.220886 0.623747 0.208535 0.266107 0.14121605941053608
0 0.255294 0.592920 0.149428 0.233947 0.16999303782780226
0 0.280612 0.577653 0.169903 0.202027 0.1969134369923416
0 0.288579 0.559133 0.114871 0.166053 0.22580645161290322
0 0.325306 0.553053 0.111031 0.142213 0.25365514040380593
0 0.331469 0.545533 0.114775 0.130693 0.2830122998375493
0 0.360471 0.528333 0.084597 0.116293 0.33534462752378735
0 0.368845 0.511893 0.087593 0.133760 0.36528196797400786
2 0.459497 0.505773 0.007899 0.065627 0.5533766535158969
0 0.611107 0.605360 0.086997 0.214560 0.16813645857507542
0 0.684819 0.554440 0.132617 0.174427 0.2274309584590392
0 0.595419 0.517347 0.068953 0.101680 0.4067068925504757
0 0.524452 0.512440 0.023688 0.059440 0.5619633325597586
