1 0.896961 0.659200 0.169219 0.649600 0.04629844511487584
1 0.864002 0.683640 0.161369 0.600720 0.039452309120445575
1 0.511119 0.670987 0.075974 0.604320 0.06788117892782547
1 0.428353 0.658533 0.089155 0.650933 0.0613831515432815
1 0.556429 0.667093 0.078011 0.516640 0.07379902529589231
1 0.450833 0.487533 0.021699 0.200827 0.18763054072870736
1 0.432186 0.499493 0.015451 0.187627 0.23300069621721972
1 0.450785 0.463000 0.018913 0.163547 0.23265258760733348
1 0.486441 0.465680 0.016731 0.153227 0.23160826177767463
2 0.275548 0.454480 0.045056 0.155733 0.26618705035971224
2 0.426647 0.437787 0.025660 0.109867 0.3564632165235553
