0 0.068301 0.763667 0.136602 0.467333 0.07031793919702946
0 0.124690 0.692947 0.249380 0.402480 0.0960779763286145
0 0.163655 0.636320 0.216377 0.326667 0.1240427013228127
0 0.212709 0.606240 0.228881 0.266827 0.1513112090972383
0 0.238426 0.577493 0.148929 0.210507 0.1800881875145045
0 0.287246 0.574667 0.139114 0.175573 0.20816894871199815
0 0.298708 0.550680 0.139138 0.156880 0.2372940357391506
0 0.336896 0.529627 0.099638 0.135253 0.2897423996286841
0 0.350459 0.516440 0.101337 0.153627 0.31944766767231375
2 0.453023 0.512827 0.009122 0.074453 0.4889765606869343
0 0.657206 0.662320 0.133752 0.310240 0.12346252030633557
0 0.730890 0.573813 0.171071 0.219893 0.1820608029705268
0 0.612911 0.535520 0.093374 0.101973 0.3359248085402645
0 0.607339 0.518067 0.078140 0.114587 0.3620329542817359
0 0.391457 0.516173 0.070564 0.077947 0.45022046878626126
0 0.525455 0.509627 0.025998 0.064800 0.5167092132745417
