0 0.873317 0.785413 0.251755 0.423840 0.030053376653515894
0 0.635282 0.606973 0.120660 0.314907 0.1358783940589464
0 0.139066 0.639800 0.278132 0.321733 0.11928521698770014
0 0.213551 0.596360 0.203591 0.259653 0.1500348108609886
0 0.232081 0.560547 0.155016 0.262640 0.17811557205848222
0 0.264871 0.566853 0.128180 0.164213 0.20782084010211185
0 0.325314 0.549973 0.112045 0.141280 0.24031097702483173
0 0.347826 0.544200 0.102287 0.136293 0.26607101415641676
0 0.349191 0.522400 0.081329 0.132747 0.29380366674402414
0 0.359601 0.520307 0.099622 0.121520 0.3218844279415177
0 0.395161 0.480480 0.063913 0.098667 0.4912972847528429
2 0.464980 0.479387 0.005773 0.049600 0.7290554653051752
0 0.554734 0.539707 0.043269 0.114027 0.2939197029473195
0 0.515101 0.491720 0.018865 0.048133 0.6870503597122302
