0 0.872556 0.738987 0.253277 0.516693 0.04072870735669528
0 0.131055 0.721947 0.225266 0.383787 0.11301926200974703
0 0.648849 0.598840 0.119179 0.245573 0.15514040380598745
0 0.314336 0.578867 0.098478 0.173413 0.21930842422835922
0 0.596139 0.558667 0.079122 0.166080 0.22197725690415407
0 0.393257 0.521533 0.037882 0.095013 0.39208633093525175
0 0.558406 0.525453 0.047005 0.113413 0.3213042469250406
0 0.548261 0.516720 0.037955 0.094240 0.38628452077048037
0 0.406957 0.512280 0.028567 0.076347 0.45080064980273843
0 0.415382 0.487707 0.046675 0.051093 0.6827570201902994
