0 0.498188 0.524853 0.041916 0.112853 0.29310744952425155
0 0.102371 0.710293 0.189895 0.407680 0.09979113483406822
0 0.204038 0.634413 0.171763 0.308987 0.13378974239962865
0 0.305870 0.558267 0.106908 0.152907 0.22487816198653976
0 0.422041 0.570240 0.063438 0.151520 0.2184961708052912
0 0.440427 0.538160 0.050564 0.126187 0.27744256207936874
0 0.374577 0.517787 0.080765 0.109173 0.3442794151775354
0 0.672951 0.669080 0.155870 0.335653 0.1161522394987236
1 0.689461 0.553480 0.022013 0.243013 0.1689487119981434
0 0.542492 0.511627 0.033052 0.088533 0.39092596890229747
0 0.488370 0.506427 0.027995 0.084587 0.4256207936876305
0 0.157436 0.540893 0.082778 0.116453 0.3008818751450452
