0 0.116103 0.740560 0.232206 0.513547 0.07078208401021117
0 0.719589 0.682347 0.214895 0.447840 0.09955906242747736
0 0.262633 0.669360 0.157713 0.348053 0.1339057786029241
0 0.622073 0.592053 0.110475 0.229440 0.1697609654212114
0 0.548941 0.515853 0.039895 0.125413 0.34497563239730794
0 0.541816 0.521920 0.038124 0.100160 0.3680668368530981
0 0.518486 0.512307 0.025427 0.066960 0.5085866790438617
0 0.416393 0.523773 0.025636 0.059707 0.5380598746809003
0 0.501377 0.505093 0.029855 0.067253 0.588651659317707
0 0.477178 0.506227 0.022262 0.047547 0.7303318635414249
