0 0.509952 0.579707 0.072705 0.227467 0.1759108841958691
0 0.667681 0.568907 0.139984 0.234453 0.16581573450916684
0 0.583076 0.500453 0.069758 0.099147 0.3702715247157113
0 0.558233 0.493533 0.045741 0.071067 0.4986075655604548
0 0.548559 0.485920 0.043205 0.056373 0.5715943374332791
0 0.059835 0.611840 0.119670 0.274987 0.15119517289394288
0 0.166969 0.560493 0.118800 0.182267 0.2253423067997215
0 0.259750 0.549920 0.071594 0.109493 0.30587143188674865
0 0.355093 0.507920 0.040781 0.070027 0.4950104432582965
0 0.374384 0.495133 0.029380 0.074800 0.5689255047574843
0 0.402202 0.490560 0.027641 0.052747 0.6925040612671153
0 0.436477 0.484880 0.026481 0.039573 0.8359248085402645
0 0.976324 0.555800 0.045741 0.120613 0.26131352982130424
0 0.086699 0.557480 0.090966 0.143547 0.24820143884892085
