1 0.583829 0.618973 0.052601 0.416773 0.09816662798793224
1 0.640519 0.595800 0.052069 0.418693 0.10222789510327222
1 0.185149 0.596880 0.038913 0.310187 0.1359944302622418
1 0.500270 0.530160 0.020668 0.198987 0.20074263170109075
1 0.601848 0.557573 0.032746 0.299413 0.1339057786029241
1 0.930298 0.632893 0.086151 0.578160 0.07403109770248317
1 0.952242 0.580640 0.055016 0.455093 0.08957994894407054
1 0.245129 0.618853 0.051530 0.348640 0.11441169644929217
1 0.194420 0.625693 0.034622 0.367547 0.11243908099326988
1 0.838486 0.556867 0.043205 0.397093 0.1054769087955442
0 0.434348 0.493933 0.042528 0.140453 0.3167788349965189
0 0.343422 0.505160 0.080725 0.215173 0.24704107681596654
