1 0.712641 0.539240 0.035153 0.271333 0.14017173358087723
2 0.308535 0.643480 0.060531 0.347440 0.12021350661406358
2 0.369122 0.557267 0.029469 0.209467 0.20283128336040843
0 0.617858 0.591480 0.104332 0.262800 0.15351589695985146
0 0.572923 0.542827 0.069501 0.205493 0.21281039684381525
0 0.552858 0.519653 0.053172 0.163840 0.27697841726618705
1 0.502395 0.478720 0.008591 0.083360 0.514388489208633
1 0.507758 0.481427 0.008317 0.080987 0.5204223717799953
0 0.437097 0.482427 0.020089 0.067520 0.6426084938500812
0 0.391441 0.517160 0.038068 0.093733 0.38152703643536784
0 0.150990 0.724693 0.249775 0.404533 0.11580413088883731
0 0.280656 0.611360 0.113019 0.231840 0.1738222325365514
