0 0.494340 0.549187 0.042705 0.116453 0.2880018565792527
0 0.105982 0.744200 0.211965 0.506267 0.07275469946623346
0 0.286465 0.611320 0.138164 0.228293 0.16117428637734973
0 0.373502 0.560947 0.098390 0.124133 0.2804595033650499
0 0.436977 0.497693 0.046127 0.074373 0.560454861916918
1 0.894513 0.710747 0.088301 0.573173 0.06265954977953121
0 0.490511 0.514920 0.027319 0.082533 0.43548387096774194
0 0.053257 0.561893 0.106514 0.144053 0.21814806219540495
0 0.113273 0.618280 0.190572 0.260293 0.15351589695985146
0 0.228784 0.547587 0.095314 0.167600 0.2238338361568809
1 0.097822 0.518587 0.018784 0.160640 0.2546994662334648
1 0.185370 0.510880 0.015700 0.098027 0.3472963564632165
