0 0.933015 0.559387 0.103374 0.136747 0.28405662566720813
0 0.881421 0.555440 0.100314 0.130027 0.27570201902993735
0 0.813845 0.554707 0.093309 0.140080 0.28115572058482247
0 0.498841 0.500693 0.027456 0.080853 0.4273613367370619
2 0.386473 0.509880 0.023253 0.123653 0.32084010211185887
1 0.157645 0.463587 0.010974 0.126480 0.3489208633093525
1 0.185173 0.499973 0.021747 0.184213 0.23137618937108378
2 0.617299 0.540560 0.062456 0.308373 0.1594337433279183
1 0.215853 0.479933 0.015620 0.133307 0.3213042469250406
1 0.190427 0.474027 0.015717 0.135147 0.3188674866558366
1 0.404010 0.581573 0.035942 0.315413 0.13889533534462753
1 0.437999 0.560133 0.061393 0.300160 0.14516129032258063
1 0.479549 0.577573 0.046039 0.337707 0.1305407287073567
1 0.739497 0.640453 0.066143 0.500533 0.09039220236713855
1 0.745998 0.626680 0.064283 0.443173 0.09538175910884196
1 0.556506 0.650733 0.061272 0.470747 0.09306103504293338
1 0.567339 0.627253 0.042842 0.440800 0.09886284520770479
1 0.612138 0.617680 0.050330 0.379840 0.10512880018565793
1 0.438716 0.597493 0.040008 0.365120 0.11789278254815502
