0 0.458176 0.540800 0.037512 0.102080 0.32548155024367603
0 0.197999 0.767467 0.351312 0.459733 0.06730099791134833
0 0.169871 0.644733 0.186876 0.310533 0.13645857507542353
0 0.307021 0.566173 0.107713 0.132293 0.2595729867718728
0 0.338994 0.548080 0.080290 0.125387 0.2949640287769784
0 0.372633 0.536627 0.070258 0.089467 0.37270828498491526
0 0.390326 0.531307 0.052456 0.078667 0.40693896495706655
0 0.578349 0.599240 0.081981 0.207120 0.1825249477837085
0 0.556948 0.571453 0.051530 0.142800 0.23253655140403803
0 0.537021 0.552453 0.047182 0.119787 0.2897423996286841
0 0.065407 0.577533 0.128704 0.149040 0.2476212578324437
0 0.464775 0.525933 0.027746 0.081947 0.44058946391274073
