0 0.172947 0.758387 0.345894 0.477893 0.0613831515432815
0 0.568039 0.550453 0.074243 0.172053 0.21977256904154097
0 0.835020 0.758133 0.328349 0.478400 0.03597122302158273
0 0.274090 0.674773 0.179388 0.369013 0.11464376885588304
1 0.199219 0.619080 0.036747 0.399227 0.10501276398236249
1 0.243490 0.583840 0.021216 0.300267 0.13703875609190067
0 0.435411 0.515560 0.034477 0.102213 0.3758412624738918
0 0.533245 0.510640 0.041498 0.105760 0.3628452077048039
1 0.249936 0.617827 0.022448 0.308933 0.13158505453701555
0 0.514750 0.485867 0.022319 0.076800 0.5618472963564632
