0 0.089263 0.779747 0.178527 0.435173 0.08598282664191227
0 0.329589 0.663440 0.121498 0.286400 0.14527732652587605
0 0.193659 0.693360 0.170668 0.312107 0.13506614063587838
2 0.701916 0.663680 0.122110 0.336373 0.1075655604548619
0 0.990097 0.578707 0.018196 0.300880 0.122766303086563
2 0.777568 0.701093 0.142238 0.416587 0.09085634718032025
1 0.068623 0.648800 0.029388 0.316533 0.13158505453701555
0 0.415608 0.568213 0.044742 0.128480 0.30645161290322576
0 0.441280 0.532187 0.024444 0.073493 0.49663495010443254
0 0.552806 0.542333 0.079622 0.104293 0.36911116268275695
0 0.522440 0.519067 0.053849 0.074507 0.5285449060106753
