0 0.494489 0.525440 0.037077 0.116160 0.3243211882107217
0 0.975853 0.699680 0.046683 0.595307 0.04258528660942214
0 0.849477 0.718413 0.232673 0.511387 0.08540264562543513
0 0.735491 0.624893 0.188100 0.304560 0.1271756788117893
0 0.392738 0.512760 0.031449 0.064027 0.5069621721977257
0 0.170668 0.655707 0.164332 0.276160 0.1397075887676955
0 0.610133 0.527400 0.103035 0.144507 0.2522627059642608
0 0.573116 0.513453 0.076892 0.101787 0.33012299837549314
0 0.357114 0.498813 0.033180 0.069200 0.5697377581805523
0 0.372496 0.495467 0.026892 0.059040 0.6451612903225806
0 0.410250 0.488333 0.018631 0.037147 0.910304014852634
0 0.333555 0.496027 0.021119 0.051413 0.6593177071246228
