0 0.654758 0.664000 0.147504 0.307413 0.12763982362497098
0 0.083080 0.761867 0.166159 0.466613 0.0811093061035043
0 0.118052 0.670893 0.236103 0.343600 0.11035042933395219
0 0.147073 0.647000 0.238285 0.268240 0.1339057786029241
0 0.217359 0.610760 0.183736 0.224773 0.16082617776746344
0 0.277013 0.569560 0.133414 0.177520 0.21745184497563236
0 0.562701 0.565587 0.067271 0.150160 0.24135530285449058
0 0.345910 0.552320 0.109243 0.122987 0.28370851705732186
0 0.541550 0.529440 0.039799 0.089707 0.36644233000696214
0 0.347419 0.539667 0.085515 0.115280 0.3136458575075423
0 0.355753 0.520787 0.070990 0.116720 0.3405662566720817
0 0.521035 0.499787 0.023953 0.070027 0.5916686006033882
