1 0.549308 0.467867 0.013961 0.153387 0.2556277558598283
1 0.237077 0.528387 0.027375 0.322000 0.1348340682292875
1 0.657681 0.630587 0.048309 0.504107 0.08679508006498027
1 0.658176 0.574827 0.052601 0.427680 0.09886284520770479
1 0.606236 0.612027 0.090668 0.485120 0.08876769552100255
1 0.599199 0.646027 0.056626 0.527627 0.08134137851009514
1 0.455882 0.491587 0.027915 0.228347 0.17649106521234625
1 0.486381 0.482120 0.027915 0.238693 0.17904386168484565
1 0.454682 0.478040 0.024694 0.205413 0.19935019726154557
1 0.422001 0.488080 0.024420 0.214187 0.1912276630308656
1 0.467291 0.473880 0.013422 0.171707 0.2224414017173358
1 0.359251 0.485053 0.020129 0.215333 0.18925504757484332
1 0.376477 0.486347 0.017979 0.186347 0.19621721977256903
1 0.397609 0.470933 0.017440 0.209120 0.19946623346484102
