0 0.471526 0.525480 0.038688 0.104293 0.3159665815734509
0 0.089461 0.697200 0.178921 0.379733 0.10396843815270365
0 0.306357 0.730653 0.184517 0.406160 0.09770248317475051
0 0.381329 0.610627 0.100692 0.243707 0.1557205848224646
0 0.294988 0.558027 0.120411 0.174880 0.22360176375029006
0 0.352508 0.515760 0.081618 0.095040 0.34787653747969366
1 0.981180 0.708720 0.036031 0.577227 0.05035971223021582
0 0.547721 0.543920 0.049855 0.130507 0.27222093293107447
0 0.525994 0.521013 0.034275 0.088107 0.38013460199582266
0 0.179722 0.526000 0.076063 0.102667 0.33882571362265024
0 0.465322 0.506013 0.026892 0.081253 0.4423300069621721
