1 0.528547 0.577800 0.025499 0.264400 0.15432815038291947
1 0.361139 0.556147 0.025499 0.190000 0.21536319331631465
1 0.340535 0.552813 0.016643 0.178373 0.22348572754699467
1 0.607403 0.528467 0.015564 0.171013 0.22325365514040377
1 0.506836 0.535640 0.021465 0.170853 0.25203063355766997
1 0.561872 0.581453 0.024420 0.254480 0.15258760733348803
1 0.583241 0.537413 0.022279 0.204693 0.20167092132745415
1 0.610419 0.520400 0.028696 0.175520 0.2384543977721049
0 0.446031 0.518480 0.033108 0.082880 0.44894407055001156
1 0.134847 0.623120 0.039452 0.294080 0.14237642144349036
