0 0.498164 0.523893 0.042480 0.114347 0.28951032722209324
0 0.157625 0.670653 0.166860 0.334747 0.11673242051520073
0 0.236590 0.601720 0.154130 0.266907 0.15107913669064746
0 0.319352 0.551067 0.100330 0.140907 0.2421675562775586
0 0.426433 0.561107 0.058035 0.138907 0.2356695288930146
0 0.443949 0.530987 0.046610 0.118400 0.29449988396379667
0 0.380395 0.502493 0.077279 0.103653 0.3613367370619633
0 0.647021 0.629000 0.126634 0.279707 0.13332559758644696
1 0.673116 0.541147 0.023349 0.219840 0.18600603388257136
0 0.540040 0.501560 0.031224 0.084613 0.4080993269900209
0 0.489924 0.506853 0.028076 0.084853 0.42446043165467623
0 0.178776 0.525640 0.075072 0.108613 0.3201438848920863
