0 0.484114 0.532307 0.045539 0.122587 0.2711766071014156
0 0.124336 0.732907 0.248671 0.495413 0.08934787653747969
0 0.297685 0.580253 0.127415 0.198427 0.1792759340914365
0 0.359803 0.537200 0.098849 0.146133 0.24785333023903455
0 0.414279 0.502640 0.064211 0.088800 0.4353678347644465
0 0.833752 0.750213 0.330886 0.494240 0.08505453701554884
0 0.575717 0.526707 0.053285 0.120293 0.28730563935948017
0 0.241908 0.536573 0.081981 0.130640 0.2492457646785797
0 0.492492 0.507440 0.030523 0.092213 0.39208633093525175
0 0.015161 0.558600 0.030322 0.148400 0.18705035971223022
0 0.161924 0.521360 0.084235 0.104533 0.3052912508702715
