0 0.732556 0.698720 0.260185 0.595573 0.09178463680668368
0 0.048253 0.752547 0.096506 0.489573 0.059062427477372934
0 0.092919 0.731707 0.185837 0.441173 0.08702715247157113
0 0.120225 0.634467 0.240451 0.316560 0.11684845671849617
0 0.233643 0.555093 0.211715 0.279733 0.16825249477837084
0 0.191610 0.598560 0.195813 0.284427 0.14214434903689951
0 0.625503 0.594960 0.111457 0.241013 0.15386400556973776
0 0.260266 0.541933 0.145008 0.230320 0.19424460431654672
0 0.300648 0.560960 0.124678 0.171093 0.2184961708052912
0 0.309863 0.535427 0.131111 0.163440 0.24982594569505684
0 0.361063 0.501920 0.089420 0.108693 0.33882571362265024
0 0.381445 0.488880 0.071490 0.111627 0.39533534462752373
0 0.543494 0.511013 0.037826 0.097600 0.3571594337433279
0 0.584754 0.553627 0.070475 0.177067 0.21779995358551865
0 0.528514 0.483560 0.027705 0.081307 0.48189835228591316
