0 0.908772 0.733800 0.180845 0.527067 0.022394987236017634
0 0.142585 0.733853 0.278712 0.526960 0.09306103504293338
0 0.672701 0.647920 0.158704 0.348107 0.12183801346019957
0 0.298981 0.645427 0.123889 0.289733 0.1569969830587143
0 0.604992 0.590040 0.093768 0.200453 0.19273613367370618
0 0.545548 0.528867 0.036957 0.117040 0.36783476444650726
0 0.540153 0.528667 0.036763 0.096907 0.3796704571826409
0 0.517254 0.527907 0.024267 0.065093 0.5309816662798793
0 0.419827 0.536653 0.024839 0.058373 0.5602227895103272
0 0.501312 0.521347 0.028728 0.064933 0.611394755163611
0 0.478881 0.522693 0.021659 0.046880 0.753655140403806
