0 0.931892 0.780387 0.134605 0.433893 0.009282896263634254
0 0.786554 0.742507 0.253688 0.509653 0.081573450916686
0 0.033092 0.582373 0.066184 0.168480 0.20735669528893014
0 0.706268 0.567667 0.107947 0.327173 0.1471339057786029
0 0.352766 0.519520 0.048446 0.098027 0.3676026920399164
0 0.294787 0.502320 0.058414 0.134400 0.3684149454629844
0 0.425105 0.486773 0.027826 0.076107 0.4451148758412624
0 0.597206 0.492480 0.050596 0.095413 0.38315154328150386
0 0.635350 0.492587 0.052955 0.101653 0.38999767927593404
0 0.192210 0.523947 0.073196 0.101227 0.3689951264794616
0 0.109811 0.529720 0.066127 0.090907 0.3689951264794616
