1 0.522327 0.463533 0.019324 0.152453 0.25736829890925966
1 0.213853 0.531387 0.034887 0.319573 0.1363425388721281
1 0.493237 0.464893 0.024686 0.187547 0.2253423067997215
1 0.800878 0.645133 0.288583 0.677733 0.028080761197493614
1 0.696816 0.719947 0.172681 0.528107 0.04061267115339986
1 0.725274 0.660987 0.161498 0.646027 0.046994662334648406
1 0.799203 0.744907 0.146844 0.478187 0.04919935019726154
1 0.837045 0.686707 0.166715 0.594587 0.05175214666976096
1 0.919481 0.707960 0.130443 0.552080 0.047574843351125544
1 0.433088 0.710387 0.074340 0.547227 0.05337665351589695
1 0.482271 0.603200 0.049646 0.444320 0.09352517985611511
1 0.577794 0.612813 0.045894 0.404347 0.09665815734509166
1 0.618704 0.586520 0.047504 0.432507 0.09851473659781851
1 0.678869 0.564147 0.068977 0.405733 0.10071942446043164
