0 0.610362 0.608053 0.101288 0.217653 0.16964492921791596
0 0.134026 0.660240 0.268052 0.296853 0.12230215827338127
0 0.200064 0.623653 0.196618 0.246133 0.1503829194708749
0 0.229674 0.604093 0.172681 0.199653 0.17602692039916454
0 0.272874 0.586413 0.141804 0.177093 0.201902993734045
0 0.549827 0.551160 0.055660 0.125627 0.28278022743095843
0 0.363172 0.544800 0.094267 0.107413 0.3244372244140172
0 0.533917 0.527173 0.035161 0.080373 0.4076351821768392
0 0.368527 0.517853 0.062657 0.103813 0.3817591088419586
0 0.516498 0.499987 0.021465 0.065147 0.6339057786029241
