2 0.974577 0.623733 0.020250 0.321760 0.12961243908099326
1 0.128510 0.627240 0.042142 0.391600 0.10234393130656765
1 0.068152 0.623400 0.055821 0.460453 0.09723833836156881
1 0.250596 0.676547 0.074074 0.542853 0.07936876305407287
2 0.759094 0.625187 0.065403 0.311920 0.12961243908099326
2 0.887202 0.582107 0.031957 0.169600 0.23276862381062888
1 0.537226 0.513453 0.009122 0.110640 0.3917382223253655
1 0.543382 0.513747 0.006973 0.095600 0.38477605012763977
2 0.758498 0.527107 0.035081 0.110480 0.3732884660013924
1 0.840213 0.536000 0.012617 0.111627 0.35402645625435136
1 0.864819 0.555600 0.021473 0.113973 0.34694824785333017
