1 0.473607 0.516013 0.014187 0.142853 0.27546994662334645
1 0.492093 0.510307 0.014638 0.148560 0.2775585982826642
1 0.314424 0.644067 0.048639 0.440400 0.09514968670225109
1 0.963925 0.601547 0.053084 0.476587 0.08575075423532141
1 0.330741 0.558173 0.032319 0.214907 0.1875145045254119
1 0.316006 0.620960 0.048003 0.301173 0.1240427013228127
0 0.157790 0.653960 0.315580 0.681413 0.04583430030169413
1 0.669593 0.563013 0.045386 0.347893 0.12172197725690415
1 0.879988 0.566773 0.061892 0.425973 0.10083546066372708
1 0.404094 0.506347 0.012101 0.127627 0.31991181248549544
0 0.338502 0.524187 0.081659 0.218187 0.24414017173358085
