0 0.488937 0.542387 0.045491 0.122587 0.2715247157113019
0 0.079356 0.742587 0.158712 0.509493 0.06822928753771176
0 0.196562 0.661893 0.221031 0.496533 0.10211185889997679
0 0.318704 0.585413 0.135942 0.199840 0.18264098398700393
0 0.338374 0.554920 0.116715 0.166320 0.22186122070085867
0 0.377512 0.526880 0.077198 0.107413 0.3117892782548155
0 0.403245 0.515053 0.065427 0.092400 0.38083081921559525
0 0.611457 0.576187 0.082093 0.175680 0.2162914829426781
0 0.548136 0.520093 0.032552 0.079653 0.421675562775586
0 0.489006 0.504600 0.028688 0.086533 0.416802042237178
0 0.021087 0.557213 0.042174 0.175653 0.17660710141564168
0 0.092697 0.526907 0.110773 0.161067 0.2574843351125551
