0 0.504473 0.563853 0.051554 0.140827 0.24205152007426314
0 0.049750 0.713960 0.099501 0.566747 0.0539568345323741
0 0.156083 0.726693 0.242842 0.452160 0.09120445579020654
0 0.256385 0.650440 0.204074 0.303653 0.1256672081689487
0 0.363615 0.560613 0.104541 0.176960 0.2109538175910884
0 0.373277 0.542907 0.086312 0.141013 0.2580645161290322
0 0.419529 0.517573 0.068704 0.090773 0.36446971455093985
0 0.678414 0.633080 0.128599 0.247387 0.1524715711301926
0 0.614018 0.552080 0.075636 0.176427 0.23799025295892318
1 0.572275 0.545253 0.017979 0.144107 0.24506846135994428
0 0.563716 0.506787 0.035821 0.094160 0.4349036899512647
0 0.502138 0.516987 0.030282 0.091413 0.3951032722209329
0 0.134750 0.525800 0.109420 0.134000 0.27280111394755163
