0 0.504231 0.610427 0.062778 0.177760 0.2022511023439313
0 0.153462 0.604320 0.116006 0.178347 0.2319563703875609
2 0.838841 0.641720 0.140290 0.317733 0.123578556509631
1 0.343804 0.619453 0.028720 0.295120 0.1457414713390578
0 0.357911 0.581907 0.096594 0.159387 0.24704107681596654
0 0.391051 0.569867 0.084340 0.107947 0.3196797400789046
0 0.416522 0.548320 0.059710 0.088587 0.40415409607797625
0 0.437915 0.534533 0.044622 0.058933 0.55964260849385
0 0.563519 0.560320 0.041868 0.098880 0.3474123926665119
0 0.485733 0.557027 0.034396 0.106853 0.3501972615456022
0 0.275644 0.541787 0.051465 0.078080 0.46437688558830353
