0 0.913527 0.671333 0.171337 0.571627 0.0642840566256672
0 0.152665 0.756600 0.305330 0.481467 0.07484335112555117
0 0.344549 0.636347 0.116103 0.260907 0.1474820143884892
0 0.391618 0.581960 0.081111 0.182747 0.20410768159665815
0 0.598953 0.567880 0.066940 0.201627 0.1981898352285913
0 0.874316 0.582667 0.249758 0.327360 0.11220700858667904
0 0.425060 0.529653 0.043905 0.126933 0.32002784868879086
0 0.431413 0.524373 0.049380 0.094347 0.37827802274309585
0 0.365713 0.484240 0.050700 0.057067 0.6553724762125782
0 0.612814 0.538360 0.066224 0.147973 0.248781619865398
0 0.649110 0.510347 0.069300 0.131573 0.2925272685077744
0 0.766208 0.470560 0.065781 0.073600 0.45265722905546524
