0 0.685777 0.628240 0.141844 0.283467 0.13935948015780922
0 0.497089 0.498480 0.060201 0.070560 0.47273149222557437
1 0.392991 0.516947 0.011812 0.123120 0.3170109074031097
2 0.719634 0.530320 0.058430 0.149867 0.24657693200278485
0 0.656349 0.480293 0.058398 0.071680 0.5185657925272684
0 0.802713 0.469213 0.075266 0.068933 0.4986075655604548
0 0.341437 0.511773 0.051715 0.071760 0.4851473659781852
0 0.218792 0.517920 0.047633 0.067680 0.5179856115107914
0 0.481570 0.488013 0.018084 0.040987 0.8201438848920863
0 0.453559 0.488187 0.021031 0.041813 0.828730563935948
