0 0.093816 0.789147 0.187633 0.416373 0.048851241587375256
0 0.228631 0.740267 0.218873 0.413600 0.1033882571362265
0 0.849674 0.747387 0.299042 0.499893 0.045138083081921555
0 0.701679 0.645907 0.176626 0.379120 0.1079136690647482
0 0.925004 0.484347 0.148382 0.253227 0.19227198886052446
0 0.543631 0.509293 0.044332 0.101093 0.35773961475980504
0 0.491920 0.500907 0.031940 0.061440 0.5304014852634021
0 0.670109 0.516093 0.096498 0.133680 0.26804362961243905
0 0.460640 0.488613 0.036304 0.051147 0.7041076815966582
2 0.394291 0.500133 0.011498 0.070880 0.5290090508238571
