0 0.052262 0.728787 0.104525 0.537093 0.06741703411464375
0 0.116228 0.676347 0.232456 0.441493 0.09480157809236481
0 0.115362 0.620253 0.230725 0.311813 0.12462288233928985
0 0.205185 0.623600 0.202947 0.248747 0.1513112090972383
0 0.233841 0.580093 0.188905 0.208827 0.1804362961243908
0 0.294706 0.545267 0.127850 0.169947 0.23288466001392433
0 0.314509 0.526533 0.126071 0.188267 0.26270596426084936
2 0.441180 0.517160 0.011361 0.089680 0.40751914597354366
0 0.822774 0.767880 0.343084 0.458907 0.06730099791134833
0 0.838543 0.622267 0.265459 0.324960 0.12589928057553956
0 0.765121 0.608040 0.183897 0.244080 0.15363193316314688
0 0.709875 0.586027 0.141071 0.190080 0.18681828730563937
0 0.684356 0.560187 0.105282 0.165013 0.2171037363657461
0 0.657295 0.555747 0.123011 0.153040 0.24611278718960314
0 0.633273 0.547680 0.113277 0.123307 0.27999535855186813
0 0.624577 0.529227 0.093374 0.136000 0.3067997215131121
0 0.374436 0.513067 0.081433 0.089440 0.39371083778138777
0 0.389171 0.518707 0.070097 0.082160 0.4242283592480854
0 0.525515 0.514933 0.029549 0.073227 0.46008354606637264
0 0.514167 0.501480 0.018655 0.052560 0.6342538872128103
