1 0.493921 0.522427 0.016296 0.153600 0.2564400092828963
1 0.504795 0.525627 0.021812 0.172427 0.24019494082153628
1 0.042468 0.713667 0.084936 0.562000 0.05546530517521467
1 0.080950 0.641720 0.050306 0.348400 0.1185889997679276
1 0.169022 0.674413 0.058205 0.468400 0.0919006730099791
1 0.673563 0.625280 0.062101 0.444800 0.09514968670225109
1 0.871111 0.673107 0.106200 0.643120 0.06788117892782547
1 0.307037 0.543520 0.031353 0.173653 0.2285913204919935
1 0.427919 0.528627 0.018092 0.174800 0.23508934787653749
0 0.342758 0.542120 0.109734 0.280187 0.19586911116268274
