0 0.461377 0.680613 0.125604 0.396907 0.10930610350429333
0 0.484952 0.548147 0.061449 0.212347 0.2129264330471107
0 0.710841 0.693587 0.196739 0.456827 0.09886284520770479
0 0.602214 0.592893 0.099404 0.239707 0.16674402413553027
0 0.557476 0.550733 0.058253 0.163120 0.23404502204687863
0 0.106920 0.540880 0.066337 0.085760 0.48189835228591316
0 0.296188 0.514573 0.049122 0.069520 0.5172893942910187
0 0.221123 0.529693 0.053567 0.070907 0.5059178463680668
0 0.455841 0.505347 0.031602 0.079813 0.46936644233000696
0 0.536727 0.523933 0.033953 0.102533 0.3255975864469714
