0 0.504698 0.553920 0.052021 0.140373 0.24007890461824088
0 0.101167 0.709213 0.202335 0.576240 0.0704339754003249
0 0.209791 0.665240 0.208905 0.361147 0.1083778138779299
0 0.283494 0.620760 0.179919 0.260080 0.14284056625667207
0 0.371840 0.551867 0.097512 0.162293 0.22789510327222093
0 0.422246 0.508707 0.065137 0.086213 0.38187514504525405
0 0.657222 0.606960 0.110274 0.215893 0.16918078440473427
0 0.604714 0.540173 0.068382 0.162533 0.2562079368763054
1 0.565632 0.538213 0.016643 0.135040 0.2609654212114179
0 0.499340 0.515973 0.030499 0.092107 0.39243443954513807
0 0.156667 0.516493 0.099211 0.125253 0.29020654444186583
