0 0.933293 0.561013 0.102818 0.136907 0.28417266187050355
0 0.881449 0.555293 0.100709 0.130053 0.2755859828266419
0 0.813776 0.554933 0.093349 0.140107 0.28115572058482247
0 0.498877 0.500453 0.027496 0.080853 0.42747737294035737
1 0.829477 0.662467 0.082174 0.518320 0.08354606637270828
1 0.159461 0.467133 0.012995 0.124347 0.3547226734741239
1 0.226180 0.468067 0.013325 0.109947 0.3906938964957066
1 0.252238 0.535547 0.023430 0.227040 0.19006730099791133
1 0.284457 0.531093 0.021699 0.218133 0.19679740078904617
1 0.307428 0.537107 0.048655 0.234800 0.1841494546298445
1 0.389432 0.564080 0.037013 0.300640 0.14550939893246692
1 0.425081 0.558907 0.034235 0.267413 0.1528196797400789
1 0.274469 0.561333 0.032190 0.278453 0.1520074263170109
1 0.310797 0.558547 0.029517 0.268080 0.15769320027848688
1 0.336606 0.556373 0.029267 0.238027 0.1636110466465537
1 0.268096 0.541480 0.044807 0.240347 0.17521466697609653
