0 0.513877 0.598240 0.086594 0.270933 0.15107913669064746
0 0.725906 0.617493 0.183921 0.330080 0.124390809932699
0 0.593885 0.506480 0.077625 0.113067 0.32757020190299374
0 0.564899 0.495067 0.049928 0.078240 0.4546298445114875
0 0.551618 0.488853 0.046457 0.060960 0.5301694128568113
0 0.087415 0.594613 0.167874 0.232107 0.1821768391738222
0 0.223402 0.561693 0.088800 0.129040 0.26386632629380363
0 0.341465 0.512013 0.044283 0.076987 0.45300533766535156
0 0.363490 0.498213 0.032649 0.081173 0.5259921095381759
0 0.396538 0.491027 0.030032 0.056720 0.645509398932467
0 0.433213 0.485880 0.028084 0.041787 0.7928753771176607
0 0.265862 0.507187 0.048470 0.079067 0.4359480157809236
0 0.031916 0.572360 0.063833 0.171493 0.2034114643768856
