0 0.045994 0.797493 0.091989 0.399680 0.06149918774657692
0 0.944179 0.596640 0.110032 0.390773 0.09944302622418194
0 0.217576 0.667187 0.170725 0.277413 0.14771408679508005
0 0.816961 0.743147 0.322424 0.508373 0.07948479925736829
0 0.653853 0.619240 0.127238 0.293200 0.14434903689951262
0 0.309642 0.597907 0.082456 0.178213 0.21489904850313296
0 0.584493 0.551680 0.062222 0.139253 0.2574843351125551
0 0.373647 0.553640 0.056135 0.114747 0.3216523555349269
0 0.562029 0.539347 0.049259 0.109947 0.3244372244140172
0 0.413498 0.519360 0.028366 0.074347 0.4955906242747737
0 0.542246 0.518173 0.033977 0.084613 0.4236481782316082
0 0.461663 0.488733 0.036176 0.044827 0.7740775121838012
