0 0.200499 0.772453 0.296506 0.449760 0.07751218380134602
0 0.344545 0.663480 0.140652 0.306427 0.13448595961940124
0 0.678647 0.641320 0.125121 0.338853 0.1271756788117893
0 0.413237 0.557373 0.057890 0.165787 0.24947783708517055
0 0.429167 0.542080 0.059654 0.118347 0.3070317939197029
0 0.503253 0.470707 0.052786 0.058747 0.6333255975864469
0 0.667786 0.583720 0.091224 0.217733 0.17660710141564168
0 0.707017 0.537947 0.089219 0.178027 0.22116500348108606
0 0.644791 0.496707 0.095443 0.118640 0.3554188906938965
0 0.897866 0.499587 0.099469 0.137307 0.2710605708981202
0 0.826079 0.477987 0.080741 0.088827 0.37827802274309585
