2 0.933760 0.622507 0.046167 0.307360 0.13901137154792295
1 0.028293 0.635653 0.050725 0.434400 0.09282896263634254
1 0.171860 0.688453 0.077295 0.591093 0.06996983058714319
2 0.697254 0.635267 0.067987 0.333307 0.12207008586679043
2 0.824465 0.596587 0.030733 0.170667 0.23311673242051517
1 0.491413 0.519320 0.010201 0.113093 0.38349965189139007
1 0.504412 0.516133 0.011272 0.096800 0.38013460199582266
2 0.719976 0.556653 0.032432 0.108880 0.3830355070782083
1 0.784448 0.545347 0.011006 0.108667 0.36400556973775816
1 0.807258 0.580653 0.017979 0.110960 0.35773961475980504
