1 0.258458 0.489227 0.016369 0.118827 0.3554188906938965
0 0.251961 0.475733 0.052746 0.134133 0.39289858435831976
0 0.290946 0.486640 0.052182 0.097973 0.4214434903689951
0 0.341574 0.481320 0.060169 0.083600 0.43954513808308193
0 0.498543 0.470387 0.041932 0.067813 0.524947783708517
0 0.533506 0.465093 0.044211 0.071040 0.5521002552796472
0 0.559903 0.472053 0.048470 0.055360 0.6036203295428173
0 0.583990 0.472293 0.035451 0.055680 0.6116268275702018
0 0.603603 0.472640 0.040346 0.052533 0.6202135066140636
0 0.623804 0.468720 0.046562 0.054080 0.6352982130424693
0 0.676771 0.463093 0.042593 0.050133 0.6987700162450684
0 0.691184 0.458787 0.036908 0.045787 0.7193084242283592
