1 0.526296 0.464213 0.017987 0.151467 0.2589928057553957
1 0.218724 0.528893 0.031506 0.320720 0.1359944302622418
1 0.860169 0.684560 0.098744 0.598880 0.054653051752146665
1 0.756518 0.674107 0.091377 0.619787 0.05592944998839638
1 0.616264 0.486853 0.030403 0.197867 0.2130424692504061
1 0.501884 0.664960 0.075314 0.638080 0.06068693432350893
1 0.512685 0.710613 0.052890 0.536000 0.07205848224646089
1 0.568148 0.665360 0.051836 0.588693 0.07484335112555117
1 0.604118 0.700000 0.048688 0.472053 0.0778602924112323
1 0.637661 0.647733 0.052971 0.501547 0.08308192155952657
1 0.699368 0.676733 0.053180 0.492453 0.07855650963100486
1 0.249944 0.686960 0.062899 0.490720 0.07809236481782315
1 0.442943 0.536747 0.038543 0.322667 0.12694360640519842
1 0.508651 0.545960 0.047464 0.299013 0.12833604084474357
1 0.538889 0.530973 0.050419 0.322107 0.13007658389417498
1 0.593305 0.523573 0.050089 0.302720 0.13274541656996983
