0 0.538160 0.707747 0.155789 0.486800 0.09352517985611511
0 0.948209 0.724293 0.101973 0.546080 0.0502436760269204
0 0.625986 0.524280 0.097496 0.149093 0.25400324901369226
0 0.582826 0.509733 0.058873 0.094560 0.38025063819911814
0 0.564316 0.500853 0.053269 0.071520 0.45729867718728234
0 0.453313 0.492720 0.021957 0.049547 0.6806683685309816
0 0.117903 0.610973 0.147915 0.191493 0.18983522859132046
0 0.495290 0.478920 0.018422 0.037627 0.9375725226270596
0 0.314722 0.530107 0.058704 0.093333 0.38001856579252724
0 0.344843 0.509467 0.040089 0.095200 0.4518449756323972
0 0.386059 0.500640 0.034775 0.064160 0.5728707356695288
0 0.429976 0.494093 0.030596 0.046107 0.7201206776514272
0 0.223092 0.524813 0.061481 0.095600 0.36319331631469015
0 0.213575 0.512240 0.065282 0.070827 0.4931538640055697
