0 0.493490 0.545493 0.045000 0.121707 0.2743095845903922
0 0.191763 0.674373 0.183768 0.378720 0.10640519842190763
0 0.275519 0.609787 0.154098 0.264853 0.14179624042701322
0 0.353949 0.550480 0.109010 0.147200 0.23044789974472032
0 0.373837 0.535587 0.085982 0.132773 0.26479461592016706
0 0.395910 0.525360 0.068857 0.094827 0.3542585286609422
0 0.840640 0.708013 0.317110 0.578640 0.08783940589463912
1 0.591812 0.545653 0.019050 0.153600 0.241471339057786
0 0.766961 0.555933 0.142359 0.181040 0.22824321188210722
0 0.490270 0.515533 0.027866 0.084187 0.42747737294035737
0 0.033052 0.632453 0.066103 0.306453 0.10257600371315849
0 0.113563 0.611840 0.160781 0.242400 0.15177535391042005
0 0.210298 0.505267 0.072850 0.110960 0.3467161754467393
