0 0.106155 0.661040 0.212311 0.374400 0.10988628452077048
0 0.137911 0.583973 0.264308 0.367360 0.1400556973775818
2 0.395153 0.551307 0.023027 0.159947 0.23288466001392433
0 0.934642 0.753387 0.129106 0.487893 0.0650963100487352
0 0.889948 0.699853 0.218494 0.406640 0.09514968670225109
0 0.815443 0.648667 0.265153 0.319680 0.12415873752610813
0 0.734432 0.609240 0.211345 0.227973 0.15769320027848688
0 0.702033 0.569253 0.162150 0.230293 0.18554188906938965
0 0.307907 0.552933 0.123639 0.132907 0.2692039916453933
0 0.334694 0.540787 0.102158 0.117360 0.3001856579252727
0 0.529018 0.526947 0.041707 0.101840 0.33754931538640054
0 0.509642 0.505240 0.023374 0.065520 0.5124158737526108
