0 0.505994 0.540693 0.050491 0.135627 0.2466929682060803
0 0.110346 0.736933 0.220692 0.520800 0.061151079136690635
0 0.215853 0.671867 0.184783 0.388853 0.1075655604548619
0 0.369018 0.555280 0.114767 0.159733 0.21571130192620094
0 0.398410 0.522560 0.069654 0.112693 0.31004873520538406
0 0.412814 0.518173 0.068462 0.098960 0.3442794151775354
0 0.842033 0.725387 0.314324 0.543893 0.08876769552100255
1 0.672576 0.644840 0.047504 0.336080 0.10779763286145276
0 0.670511 0.603347 0.112536 0.221947 0.167208168948712
0 0.620165 0.563840 0.072504 0.151093 0.22835924808540262
0 0.597230 0.523733 0.060242 0.145227 0.2900905082385704
1 0.561039 0.502693 0.008857 0.084853 0.4322348572754699
0 0.208893 0.569760 0.135596 0.186613 0.19285216987700163
0 0.283176 0.537347 0.083953 0.135813 0.25609190067300996
0 0.503953 0.496667 0.029291 0.088480 0.40775121838013456
0 0.095608 0.613880 0.189283 0.257520 0.14191227663030864
0 0.127870 0.534893 0.096176 0.144133 0.25910884195869105
