0 0.483812 0.499893 0.019654 0.061920 0.5843583197957762
0 0.395225 0.571053 0.066296 0.163013 0.22336969134369922
0 0.840636 0.747853 0.317118 0.498960 0.05569737758180552
0 0.682846 0.683600 0.189219 0.434827 0.10768159665815732
0 0.611816 0.596213 0.093309 0.277227 0.15339986075655604
0 0.558615 0.544560 0.055169 0.139520 0.26525876073334875
0 0.526288 0.513520 0.027440 0.080000 0.44291018797864934
0 0.544066 0.529547 0.041369 0.117333 0.32455326061731254
0 0.319501 0.525800 0.059469 0.072027 0.4952425156648874
0 0.243329 0.528000 0.067013 0.075200 0.494314226038524
0 0.514070 0.497373 0.019138 0.053147 0.6574611278718959
1 0.657677 0.539653 0.023551 0.247307 0.1684845671849617
