1 0.960024 0.656187 0.071900 0.676960 0.04537015548851241
1 0.614984 0.670760 0.059275 0.510373 0.08459039220236714
2 0.119746 0.690293 0.239493 0.608747 0.023787421675562772
1 0.789791 0.551120 0.049742 0.441227 0.10721745184497562
1 0.849907 0.558013 0.039944 0.390000 0.10930610350429333
1 0.410431 0.538320 0.014855 0.184640 0.2191923880250638
1 0.392544 0.548800 0.016667 0.174400 0.21942446043165467
1 0.460914 0.536560 0.018188 0.176853 0.22835924808540262
1 0.479082 0.511280 0.015733 0.133973 0.32025992109538176
1 0.492665 0.534760 0.014960 0.169893 0.2262705964260849
0 0.431075 0.493840 0.023486 0.060587 0.6060570898120212
1 0.406981 0.533160 0.017842 0.168773 0.24448828034346715
