2 0.670165 0.531187 0.027931 0.280133 0.15061499187746577
1 0.804364 0.659187 0.088905 0.649627 0.060919006730099784
1 0.736365 0.478467 0.017528 0.160400 0.2501740543049431
1 0.505056 0.576413 0.039678 0.325520 0.12938036667440242
1 0.463035 0.570227 0.034412 0.310960 0.14179624042701322
1 0.471707 0.559587 0.038808 0.348667 0.1301926200974704
1 0.717947 0.500560 0.023366 0.195787 0.19865398004177304
1 0.891232 0.500387 0.024348 0.221787 0.18148062195404965
1 0.913096 0.494000 0.028736 0.253707 0.16744024135530283
1 0.909666 0.511440 0.020378 0.208640 0.1742863773497331
