0 0.497826 0.526627 0.040853 0.127973 0.29635646321652354
0 0.233631 0.612573 0.119436 0.200720 0.18461359944302622
0 0.754428 0.626387 0.203349 0.359120 0.11499187746576932
0 0.637323 0.552800 0.126498 0.183627 0.19308424228359247
0 0.618990 0.537800 0.100910 0.151493 0.23671385472267345
0 0.607589 0.516533 0.084275 0.138027 0.2819679740078904
0 0.555596 0.499413 0.059533 0.078880 0.44476676723137615
0 0.538563 0.485893 0.040749 0.054773 0.6517753539104201
0 0.319332 0.514573 0.048196 0.092773 0.4315386400556973
0 0.346103 0.509827 0.036876 0.076080 0.5060338825713622
0 0.367407 0.505720 0.028760 0.053840 0.5859828266419123
0 0.400845 0.492413 0.023108 0.043867 0.7748897656068693
0 0.296248 0.506653 0.029662 0.065573 0.5206544441865861
0 0.082814 0.516800 0.034050 0.075573 0.4639127407751218
