0 0.102995 0.777587 0.205990 0.439493 0.04049663495010443
0 0.300016 0.721467 0.170386 0.374613 0.11220700858667904
0 0.373213 0.627453 0.105636 0.236293 0.16709213274541657
0 0.632271 0.604813 0.084718 0.253307 0.16245068461359943
0 0.928591 0.641960 0.141208 0.485893 0.07611974936180087
0 0.420378 0.551493 0.049340 0.143947 0.2845207704803899
0 0.430282 0.551400 0.053994 0.106640 0.3425388721281039
0 0.434883 0.490187 0.051538 0.058187 0.6446971455093989
0 0.635515 0.564493 0.077166 0.177093 0.21246228823392896
0 0.674581 0.534213 0.078406 0.151627 0.2564400092828963
0 0.629291 0.497760 0.086200 0.107307 0.39080993269900205
0 0.847158 0.505653 0.086844 0.120960 0.30714783012299834
0 0.792556 0.481987 0.072005 0.080773 0.4156416802042237
