1 0.506385 0.574093 0.032254 0.289840 0.1392434439545138
1 0.564191 0.550800 0.037544 0.296533 0.14202831283360406
1 0.233953 0.562320 0.030853 0.243627 0.1705732188442794
1 0.535016 0.563480 0.029130 0.257040 0.15467625899280574
1 0.752709 0.641413 0.092198 0.540907 0.07855650963100486
1 0.964831 0.589733 0.059581 0.468533 0.08714318867486655
1 0.119807 0.724920 0.070660 0.539493 0.07240659085634718
1 0.091731 0.717560 0.070483 0.554213 0.0717103736365746
1 0.652524 0.544000 0.040105 0.306880 0.13436992341610582
1 0.870085 0.643587 0.072746 0.480720 0.080761197493618
0 0.410966 0.533493 0.081771 0.219947 0.21118588999767926
0 0.340700 0.512320 0.081288 0.216213 0.24611278718960314
