0 0.494638 0.510147 0.022190 0.069893 0.5200742631701091
0 0.640133 0.618800 0.121167 0.278507 0.14400092828962635
0 0.907351 0.743587 0.183688 0.507493 0.02332327686238106
0 0.090624 0.633533 0.168124 0.187813 0.19993037827802274
0 0.600733 0.574840 0.074831 0.194747 0.19935019726154557
1 0.581437 0.508347 0.009396 0.105707 0.3520538407983291
0 0.552041 0.525867 0.037963 0.100747 0.35750754235321414
0 0.528418 0.498613 0.020040 0.064640 0.6315850545370155
0 0.379742 0.532507 0.034718 0.082400 0.44372244140171735
0 0.398168 0.522307 0.029477 0.067547 0.5327222093293107
