1 0.464493 0.525560 0.021465 0.181200 0.21838013460199582
1 0.485974 0.522440 0.029662 0.191440 0.21652355534926895
1 0.390845 0.549667 0.026570 0.214000 0.1841494546298445
1 0.507625 0.634373 0.070853 0.471840 0.08911580413088882
1 0.953341 0.585147 0.057697 0.463200 0.08807147830122998
1 0.492419 0.534600 0.030862 0.209573 0.19285216987700163
1 0.549227 0.605893 0.045894 0.338987 0.11185889997679276
0 0.267073 0.661173 0.237351 0.542240 0.10071942446043164
1 0.916961 0.621960 0.097963 0.570373 0.0770480389881643
0 0.340604 0.507853 0.081111 0.216613 0.24564864237642145
