0 0.488398 0.539933 0.045572 0.122747 0.2711766071014156
0 0.130435 0.695040 0.260870 0.604587 0.08261777674634485
0 0.299879 0.600307 0.149839 0.227280 0.1634950104432583
0 0.323945 0.572200 0.126957 0.184827 0.20259921095381758
0 0.370181 0.529013 0.081892 0.114933 0.2926433047110698
0 0.398482 0.516587 0.068784 0.097547 0.3615688094685542
0 0.624263 0.589840 0.093035 0.195893 0.19737758180552334
0 0.550411 0.528373 0.034783 0.084427 0.40218148062195397
0 0.488849 0.512320 0.028857 0.087200 0.413553028544906
0 0.061095 0.537253 0.122190 0.175040 0.23880250638199113
0 0.250684 0.509600 0.052609 0.074720 0.41854258528660937
