0 0.275076 0.745093 0.166707 0.381333 0.12102576003713157
0 0.846014 0.760013 0.306361 0.474640 0.05500116036203295
0 0.670543 0.719707 0.175354 0.400107 0.10860988628452076
0 0.594046 0.634027 0.098188 0.220960 0.17915989788814107
0 0.350862 0.656013 0.095089 0.212560 0.18983522859132046
0 0.380753 0.617173 0.054742 0.150240 0.25574379206312364
0 0.401852 0.603200 0.046828 0.119947 0.3069157577164075
0 0.568305 0.594480 0.063663 0.154827 0.25110234393130654
0 0.552142 0.582373 0.043929 0.119467 0.31329774889765605
0 0.702246 0.522547 0.076329 0.119173 0.39881643072638656
0 0.517564 0.552787 0.027158 0.065787 0.5621954049663495
0 0.461473 0.537120 0.028245 0.041440 0.9067068925504757
2 0.442448 0.545520 0.012866 0.044533 0.8535623114411696
