1 0.881377 0.688760 0.093833 0.590480 0.05476908795544209
1 0.681948 0.585707 0.041659 0.397600 0.10118356927361337
1 0.697299 0.581347 0.037238 0.383333 0.10222789510327222
1 0.532677 0.458787 0.016643 0.162160 0.2421675562775586
1 0.241900 0.530173 0.031932 0.323760 0.13460199582269666
1 0.405121 0.495253 0.018035 0.171413 0.19830587143188674
1 0.425048 0.490440 0.019324 0.183280 0.20259921095381758
1 0.882339 0.641787 0.074066 0.478080 0.08087723369691342
1 0.366747 0.486747 0.020177 0.209760 0.20039452309120442
1 0.345580 0.468987 0.020548 0.189120 0.21698770016245067
1 0.340205 0.472387 0.019477 0.191547 0.20851705732188439
1 0.506272 0.447067 0.011948 0.144053 0.29357159433743324
