0 0.496562 0.539267 0.043510 0.117147 0.2831283360408447
0 0.230487 0.623587 0.138784 0.245253 0.15119517289394288
0 0.283671 0.580440 0.127826 0.211867 0.18565792527268507
0 0.339847 0.541707 0.089452 0.121813 0.2766303086563007
0 0.433454 0.546520 0.049549 0.119067 0.27001624506846134
0 0.389767 0.513853 0.071337 0.094160 0.39556741703411463
0 0.610399 0.603480 0.091538 0.215600 0.16813645857507542
1 0.653285 0.543707 0.017713 0.184747 0.21988860524483636
0 0.493088 0.509173 0.028301 0.085493 0.42132745416569967
0 0.206775 0.528413 0.065322 0.098480 0.3510095149686702
