0 0.039195 0.786453 0.078390 0.421760 0.05801810164771408
0 0.295395 0.713067 0.165620 0.376427 0.11673242051520073
0 0.120250 0.748253 0.240499 0.416133 0.10686934323508934
2 0.813370 0.737453 0.179428 0.467333 0.07844047342770943
2 0.906345 0.755400 0.185700 0.483867 0.06149918774657692
0 0.416353 0.570520 0.049694 0.141627 0.27871896031561844
0 0.443345 0.544213 0.028897 0.086507 0.42782548155024364
0 0.567874 0.548453 0.087150 0.113707 0.3392898584358319
0 0.556940 0.537147 0.077005 0.089867 0.4089115804130889
0 0.532858 0.527053 0.057246 0.079227 0.498375493153864
