0 0.695318 0.711733 0.191232 0.388320 0.10617312601531677
0 0.091123 0.724547 0.182246 0.436293 0.08923184033418426
0 0.114569 0.680000 0.229138 0.321067 0.11301926200974703
0 0.178615 0.630267 0.215733 0.260640 0.13982362497099093
0 0.220612 0.601293 0.179018 0.212720 0.16941285681132512
0 0.258076 0.573680 0.148245 0.195893 0.19714550939893244
0 0.573128 0.571333 0.075064 0.166027 0.21988860524483636
0 0.335874 0.557653 0.118510 0.132853 0.2630540728707357
0 0.546687 0.531093 0.042939 0.095467 0.3452077048038988
0 0.338466 0.539413 0.092214 0.123680 0.2927593409143653
0 0.350354 0.522067 0.075862 0.124293 0.32025992109538176
0 0.523994 0.499200 0.025153 0.072747 0.5705500116036203
