2 0.659223 0.579253 0.050282 0.223467 0.18739846832211646
2 0.466747 0.610213 0.049855 0.273387 0.1470178695753075
1 0.517001 0.542320 0.011006 0.098293 0.4076351821768392
1 0.101341 0.552173 0.015837 0.156827 0.278602924112323
1 0.121558 0.551093 0.016643 0.134933 0.2744256207936876
2 0.474827 0.536187 0.027609 0.103520 0.40241355302854487
1 0.244324 0.551587 0.015572 0.140453 0.2955442097934555
1 0.231345 0.550693 0.017182 0.119787 0.30320259921095377
1 0.467532 0.528853 0.014758 0.111840 0.3520538407983291
1 0.485310 0.545773 0.009396 0.111547 0.3533302390345788
