0 0.890680 0.763613 0.217029 0.467440 0.029357159433743323
0 0.091316 0.793307 0.182633 0.408053 0.06985379438384776
0 0.657858 0.651040 0.184396 0.428907 0.1112787189603156
0 0.191614 0.696107 0.192810 0.343200 0.12972847528428869
0 0.522476 0.565387 0.061506 0.148160 0.25121838013460196
0 0.346473 0.563667 0.049614 0.110640 0.31538640055697376
0 0.487053 0.537987 0.034058 0.096187 0.36864701786957527
0 0.378865 0.523480 0.027359 0.066213 0.5807611974936179
0 0.468647 0.515640 0.024557 0.068507 0.5519842190763518
2 0.094738 0.745987 0.189477 0.502693 0.04838709677419355
