0 0.742806 0.736813 0.260459 0.489307 0.08633093525179857
0 0.590580 0.558120 0.076715 0.211920 0.19238802506381988
0 0.252359 0.567093 0.182721 0.212373 0.17660710141564168
0 0.290306 0.544347 0.140676 0.183627 0.20735669528893014
0 0.295137 0.524080 0.112271 0.196267 0.23497331167324204
0 0.354940 0.519200 0.088994 0.113547 0.2970526804362961
0 0.372991 0.517253 0.082713 0.111413 0.3235089347876537
0 0.371695 0.507293 0.067061 0.110640 0.3510095149686702
0 0.404767 0.471587 0.056844 0.088133 0.5486191691807843
2 0.467915 0.474173 0.005105 0.044507 0.8109770248317475
0 0.543527 0.510947 0.036779 0.094160 0.35124158737526107
0 0.512464 0.473973 0.017311 0.044320 0.7440241355302855
