0 0.344694 0.591613 0.111659 0.239973 0.1602459967509863
2 0.863398 0.459773 0.077955 0.203227 0.1935483870967742
2 0.787250 0.456720 0.056224 0.163840 0.25527964724994195
1 0.454042 0.511160 0.024960 0.169200 0.24205152007426314
2 0.629034 0.468987 0.034267 0.103947 0.3688790902761661
1 0.333732 0.518093 0.018285 0.190533 0.2117660710141564
2 0.692878 0.465373 0.022472 0.116293 0.33499651891390114
1 0.179251 0.544973 0.017214 0.145307 0.26351821768391737
1 0.175994 0.551413 0.020378 0.139947 0.2576003713158505
2 0.260862 0.542893 0.062915 0.184453 0.2114179624042701
1 0.234960 0.541840 0.023156 0.144533 0.24773729403573916
1 0.212798 0.550267 0.026868 0.177707 0.22766303086563008
1 0.301240 0.518347 0.019259 0.179680 0.24170341146437685
0 0.941176 0.426533 0.087053 0.103787 0.34660013924344396
0 0.862101 0.454373 0.098647 0.087840 0.3418426549083314
