1 0.271014 0.480080 0.012882 0.109600 0.3698073799025296
1 0.353281 0.478213 0.006707 0.081173 0.4838709677419355
1 0.267311 0.460520 0.008052 0.086960 0.49187746576932
0 0.817279 0.546653 0.087198 0.128507 0.2780227430958459
0 0.881417 0.550013 0.097407 0.123067 0.27686238106289157
0 0.934231 0.551720 0.100942 0.124613 0.28405662566720813
1 0.289332 0.458373 0.009936 0.092960 0.4796936644233001
1 0.289501 0.551747 0.025233 0.214747 0.17347412392666509
1 0.368921 0.542987 0.027649 0.241013 0.17544673938268737
2 0.483454 0.531627 0.034573 0.212533 0.19807379902529587
0 0.498933 0.495453 0.029058 0.075227 0.43734045022046875
1 0.244714 0.470880 0.012343 0.110667 0.37885820375957296
1 0.182331 0.467213 0.008591 0.117040 0.3588999767927593
1 0.783663 0.508653 0.009936 0.097627 0.4101879786493386
