0 0.063490 0.795360 0.126981 0.403947 0.06938964957066605
0 0.174022 0.698760 0.191071 0.315173 0.1322812717567881
0 0.273663 0.624413 0.102045 0.203920 0.18832675794847992
0 0.330543 0.584587 0.071924 0.141547 0.25783244372244135
0 0.785721 0.481187 0.155451 0.187760 0.20898120213506613
0 0.745125 0.470133 0.100217 0.170293 0.23891854258528658
0 0.712363 0.478840 0.103808 0.149093 0.2657229055465305
0 0.977858 0.399507 0.042673 0.124667 0.2961243908099327
0 0.672939 0.482107 0.095282 0.124053 0.2986771872824321
0 0.374750 0.553293 0.050515 0.103547 0.34451148758412625
0 0.569151 0.531240 0.053277 0.129787 0.27837085170573217
0 0.553969 0.519613 0.039839 0.110853 0.3432350893478765
