2 0.650209 0.579427 0.049742 0.223013 0.18774657693200278
2 0.428897 0.627467 0.057939 0.311467 0.13007658389417498
1 0.493760 0.542813 0.012882 0.099973 0.40078904618240885
1 0.053213 0.556973 0.014895 0.167067 0.26189371083778135
1 0.070165 0.558560 0.016643 0.143893 0.257716407519146
2 0.457448 0.535320 0.027601 0.104187 0.39962868414945457
1 0.197657 0.558413 0.017713 0.149093 0.2789510327222093
1 0.190878 0.555867 0.014493 0.127360 0.28568113251334415
1 0.440370 0.528507 0.014767 0.114933 0.3425388721281039
1 0.462613 0.550547 0.014758 0.114747 0.34381527036435366
