0 0.495922 0.527547 0.034259 0.107307 0.3492689719192388
0 0.031449 0.641547 0.062899 0.238827 0.13193316314690182
0 0.119670 0.596160 0.155314 0.209760 0.19621721977256903
0 0.697081 0.588720 0.144839 0.265707 0.14899048503132975
0 0.663510 0.563040 0.129984 0.200587 0.18960315618472962
0 0.613708 0.553427 0.105950 0.154800 0.23009979113483403
0 0.593337 0.529800 0.090298 0.144560 0.26885588303550706
0 0.587343 0.525120 0.083124 0.115360 0.3114411696449292
0 0.574070 0.517520 0.074195 0.110027 0.35321420283128335
0 0.436936 0.500573 0.015902 0.039653 0.80761197493618
0 0.538072 0.493173 0.041167 0.051040 0.6385472267347412
0 0.408607 0.496520 0.018631 0.044187 0.8772336969134369
