0 0.688124 0.642067 0.159646 0.342160 0.12740775121838013
0 0.409014 0.546467 0.064018 0.205520 0.22812717567881177
0 0.259601 0.749213 0.195950 0.446907 0.09689022975168252
0 0.079183 0.794227 0.158366 0.406213 0.02216291482942678
0 0.582335 0.553507 0.055556 0.125893 0.2743095845903922
0 0.616791 0.575520 0.076787 0.178720 0.2121141796240427
0 0.457653 0.503400 0.025499 0.074427 0.48120213506614057
0 0.571043 0.531720 0.040056 0.107440 0.33488048271060566
0 0.559034 0.520493 0.032271 0.084933 0.41007194244604317
0 0.549356 0.512827 0.027842 0.074880 0.46565328382455323
