0 0.482114 0.503467 0.027673 0.087200 0.4210953817591088
0 0.489336 0.490707 0.023196 0.080133 0.5228591320491993
1 0.958003 0.689600 0.082383 0.615467 0.0568577396147598
0 0.712589 0.703293 0.219493 0.459813 0.09631004873520538
0 0.605334 0.593893 0.087126 0.250720 0.15676491065212345
0 0.540974 0.501573 0.036570 0.113547 0.3698073799025296
0 0.077468 0.719080 0.154936 0.343867 0.11638431190531444
0 0.185785 0.611120 0.139412 0.224640 0.17974007890461824
0 0.288176 0.556000 0.076127 0.139573 0.26885588303550706
0 0.519316 0.481613 0.017987 0.056560 0.6571130192620097
