0 0.112556 0.699533 0.225113 0.475653 0.08041308888373172
0 0.819851 0.758213 0.358688 0.478240 0.06463216523555348
0 0.862194 0.652373 0.239122 0.293120 0.12044557902065445
0 0.741441 0.596987 0.204702 0.209707 0.17150150847064283
0 0.271856 0.556853 0.162890 0.188267 0.19830587143188674
0 0.524259 0.510760 0.022657 0.055120 0.5668368530981666
0 0.407870 0.503293 0.061409 0.074800 0.4931538640055697
0 0.593933 0.521880 0.071119 0.088507 0.39846832211650035
0 0.357568 0.538880 0.101932 0.124960 0.28115572058482247
0 0.315282 0.545827 0.135845 0.161360 0.2259224878161986
0 0.647762 0.545613 0.093671 0.128347 0.28695753074959385
0 0.666598 0.554773 0.104195 0.128853 0.2602692039916454
