0 0.155471 0.714040 0.230169 0.353147 0.12241819447667672
0 0.857029 0.745160 0.284332 0.504347 0.05302854490601067
0 0.694457 0.662440 0.171747 0.374693 0.11800881875145044
0 0.283478 0.613427 0.099517 0.205787 0.18913901137154793
0 0.594843 0.561800 0.071473 0.157040 0.2310280807611975
0 0.363329 0.559107 0.063245 0.125733 0.2955442097934555
0 0.568663 0.545133 0.054541 0.120293 0.2987932234857275
0 0.409070 0.518733 0.030298 0.078587 0.46959851473659775
0 0.545169 0.513000 0.036522 0.090427 0.39754003249013686
0 0.450942 0.490440 0.040225 0.045947 0.7513344163378973
