0 0.845576 0.686587 0.307238 0.621493 0.049431422603852394
0 0.113265 0.775373 0.226530 0.443920 0.07484335112555117
0 0.579907 0.588387 0.086288 0.199333 0.19157577164075193
0 0.358164 0.571773 0.062528 0.135867 0.2589928057553957
0 0.530213 0.541920 0.042697 0.115040 0.3097006265954978
0 0.389634 0.539107 0.041522 0.113467 0.36609422139707587
0 0.408434 0.523867 0.027190 0.072853 0.5279647249941981
2 0.450624 0.498960 0.005982 0.045920 0.915177535391042
2 0.455866 0.500107 0.005741 0.043467 0.9163378974239962
0 0.508345 0.515133 0.027738 0.077147 0.4919935019726154
