0 0.932963 0.559080 0.103478 0.136720 0.2839405894639127
0 0.881417 0.555467 0.100242 0.130027 0.27570201902993735
0 0.813857 0.554653 0.093301 0.140080 0.28115572058482247
0 0.498833 0.500733 0.027440 0.080880 0.4273613367370619
2 0.389622 0.520093 0.029549 0.151707 0.2636342538872128
2 0.410314 0.489347 0.012818 0.079440 0.4900208865165931
1 0.159018 0.460147 0.013945 0.126160 0.34996518913901137
1 0.161514 0.505173 0.027375 0.199733 0.21397075887676956
2 0.709670 0.578867 0.095395 0.409360 0.122766303086563
1 0.210853 0.480813 0.015572 0.138693 0.30912044557902063
1 0.185020 0.476440 0.019058 0.140453 0.3070317939197029
1 0.451582 0.591827 0.044549 0.336400 0.13077280111394754
1 0.482923 0.566987 0.043076 0.321013 0.13622650266883266
1 0.528680 0.580707 0.042142 0.365413 0.12125783244372243
1 0.847971 0.668573 0.101449 0.573893 0.07983290786725458
1 0.861892 0.651240 0.095539 0.500933 0.08540264562543513
1 0.650769 0.657307 0.086691 0.538773 0.08238570433975399
1 0.679948 0.646827 0.055016 0.496427 0.08865165931770712
1 0.689215 0.633227 0.048575 0.419573 0.09584590392202366
1 0.500370 0.607907 0.057166 0.395973 0.10919006730099791
