0 0.101224 0.710213 0.202448 0.403040 0.09549779531213738
0 0.127681 0.645747 0.255362 0.311013 0.12427477372940357
0 0.227931 0.594187 0.176667 0.227947 0.17707124622882336
0 0.258607 0.555947 0.165813 0.241920 0.20700858667904384
2 0.425326 0.532507 0.014839 0.112267 0.3276862381062891
0 0.926357 0.733560 0.145676 0.527547 0.07020190299373404
0 0.881586 0.701707 0.235217 0.397920 0.09874680900440937
0 0.799457 0.634627 0.212987 0.276613 0.1314690183337201
0 0.745894 0.600467 0.147649 0.226480 0.16163843119053142
0 0.702327 0.578947 0.162689 0.200293 0.1908795544209793
0 0.665346 0.565747 0.143543 0.155547 0.22464608957994892
0 0.649416 0.543640 0.115676 0.167013 0.2517985611510791
0 0.349368 0.538973 0.097142 0.106053 0.3346484103040148
0 0.368845 0.534133 0.081747 0.095413 0.36783476444650726
0 0.526679 0.527813 0.034195 0.084427 0.4042701322812718
0 0.511413 0.502680 0.020507 0.057733 0.5787885820375958
