0 0.110588 0.665987 0.221176 0.564613 0.08749129728475284
0 0.815769 0.762787 0.338140 0.469093 0.0704339754003249
0 0.116655 0.617467 0.233309 0.405920 0.11383151543281504
0 0.190016 0.611080 0.207649 0.278053 0.13843119053144579
0 0.225954 0.583867 0.202166 0.245707 0.1689487119981434
0 0.321353 0.533373 0.119662 0.143600 0.25783244372244135
0 0.355419 0.519987 0.091514 0.141360 0.3139939661174286
0 0.563031 0.541333 0.051860 0.129120 0.2751218380134602
0 0.650012 0.645240 0.134436 0.309787 0.13495010443258296
0 0.539086 0.510947 0.034356 0.098800 0.40032490136922716
0 0.384026 0.510573 0.076602 0.092987 0.4034578788582038
