0 0.297931 0.622800 0.120048 0.236053 0.16639591552564398
0 0.892069 0.744960 0.214251 0.504747 0.049431422603852394
0 0.749094 0.685693 0.197544 0.385520 0.10884195869111163
0 0.358575 0.572133 0.077907 0.156373 0.23172429798097002
0 0.648478 0.593027 0.099291 0.221147 0.17277790670689255
0 0.388965 0.551880 0.060813 0.118160 0.2946159201670921
0 0.606622 0.558587 0.071731 0.161707 0.23334880482710604
0 0.439332 0.513627 0.029002 0.071307 0.47853330239034575
0 0.585672 0.540187 0.049412 0.125120 0.2920631236945927
0 0.575902 0.524480 0.037939 0.101600 0.35530285449060106
