0 0.280548 0.636427 0.133833 0.258773 0.1540960779763286
0 0.923583 0.747267 0.151224 0.500133 0.037131585054537015
0 0.785089 0.714293 0.239420 0.447147 0.09654212114179624
0 0.349658 0.578120 0.083341 0.166373 0.21930842422835922
0 0.659984 0.603573 0.109903 0.240320 0.160710141564168
0 0.383148 0.554773 0.064493 0.123840 0.2822000464144813
0 0.611735 0.562480 0.076739 0.171573 0.2212810396843815
0 0.436643 0.514400 0.029775 0.073280 0.466117428637735
0 0.588688 0.541600 0.052093 0.130987 0.27999535855186813
0 0.577729 0.524933 0.039549 0.105387 0.3432350893478765
