1 0.608362 0.645160 0.048043 0.444827 0.09248085402645624
1 0.679968 0.618947 0.049919 0.443493 0.09689022975168252
1 0.212774 0.597920 0.040523 0.314507 0.1342538872128104
1 0.516490 0.540213 0.018519 0.202827 0.19737758180552334
1 0.642850 0.565627 0.037842 0.304160 0.13158505453701555
1 0.927085 0.626013 0.099034 0.513307 0.08284984915293571
1 0.908740 0.577453 0.048575 0.399813 0.10129960547690879
1 0.306989 0.585307 0.032738 0.275467 0.14318867486655834
1 0.281256 0.584520 0.025233 0.285200 0.14307263866326292
1 0.902528 0.560360 0.090515 0.389947 0.10733348804827106
0 0.438849 0.486200 0.034219 0.114373 0.38315154328150386
0 0.353567 0.505267 0.074879 0.202747 0.26061731260153165
