0 0.086377 0.786453 0.172754 0.421760 0.08238570433975399
0 0.204384 0.674720 0.164549 0.279200 0.14550939893246692
0 0.287874 0.614200 0.092480 0.188667 0.20120677651427243
0 0.338253 0.577693 0.067118 0.133520 0.27094453469482477
0 0.767440 0.484400 0.144541 0.176000 0.2224414017173358
0 0.731490 0.468307 0.093929 0.160987 0.2521466697609654
0 0.701643 0.479267 0.098148 0.141733 0.2789510327222093
0 0.988450 0.402427 0.021490 0.123733 0.279415177535391
0 0.968547 0.402480 0.061296 0.119413 0.3101647714086795
0 0.665044 0.481107 0.090717 0.118533 0.31213738686470177
0 0.379175 0.547120 0.047673 0.098933 0.3576235785565096
0 0.565290 0.527627 0.049485 0.123360 0.29171501508470643
0 0.551514 0.517760 0.038003 0.106347 0.3566952889301462
