1 0.551240 0.589640 0.030258 0.281840 0.14539336272917147
1 0.367653 0.561947 0.024614 0.206880 0.19830587143188674
1 0.337858 0.562147 0.019791 0.194587 0.20538407983290785
1 0.641715 0.538280 0.022319 0.189840 0.20167092132745415
1 0.609928 0.532787 0.020386 0.187067 0.2117660710141564
1 0.520789 0.537933 0.020870 0.175707 0.2451844975632397
1 0.581397 0.593907 0.024517 0.267440 0.14539336272917147
1 0.605378 0.543987 0.027134 0.214587 0.19250406126711533
1 0.626067 0.523840 0.029992 0.181600 0.23056393594801577
0 0.457355 0.516707 0.033647 0.085787 0.434439545138083
1 0.084279 0.635333 0.052118 0.317173 0.13239730796008353
