0 0.761783 0.743520 0.236272 0.483253 0.09839870039452309
0 0.404046 0.588720 0.076675 0.237707 0.20039452309120442
0 0.163780 0.775427 0.327560 0.443813 0.06973775818055232
0 0.600801 0.592920 0.065081 0.148667 0.24530053376653516
0 0.647540 0.630067 0.096965 0.227440 0.17915989788814107
0 0.461389 0.536827 0.026095 0.081280 0.45114875841262475
0 0.427886 0.578547 0.052456 0.142373 0.2683917382223253
0 0.587246 0.569493 0.045942 0.122827 0.3040148526340218
0 0.570101 0.552187 0.036337 0.094133 0.38129496402877694
0 0.559622 0.542787 0.031240 0.082480 0.4353678347644465
