0 0.838748 0.770547 0.320894 0.453573 0.04212114179624042
0 0.131288 0.793027 0.262576 0.408613 0.05407287073566953
0 0.256888 0.707480 0.163631 0.361093 0.11661638431190531
0 0.339295 0.629453 0.102440 0.220613 0.17196565328382454
0 0.694070 0.686187 0.193631 0.383733 0.11383151543281504
0 0.614372 0.594467 0.087842 0.214000 0.17695521002552794
0 0.825692 0.505773 0.129775 0.184987 0.2610814574147134
0 0.533398 0.526533 0.036280 0.084213 0.4262009747041076
0 0.490427 0.516120 0.029050 0.054533 0.5973543745648642
0 0.462544 0.507507 0.032850 0.047280 0.7723369691343699
2 0.407963 0.509760 0.014493 0.058293 0.6420283128336041
