1 0.606373 0.624107 0.042134 0.352320 0.11754467393826874
1 0.342790 0.587133 0.030330 0.279547 0.1484103040148526
1 0.285805 0.585627 0.025765 0.267200 0.1513112090972383
1 0.725386 0.575120 0.030596 0.277387 0.1397075887676955
1 0.692681 0.567813 0.035427 0.273547 0.14608957994894406
1 0.536530 0.542080 0.024155 0.192213 0.22464608957994892
1 0.605032 0.623333 0.030596 0.313867 0.12473891854258527
1 0.591248 0.598813 0.039903 0.275493 0.14353678347644463
1 0.573615 0.588027 0.022271 0.247307 0.16012996054769088
1 0.640314 0.556787 0.026570 0.244080 0.16987700162450683
1 0.644396 0.533040 0.024155 0.201813 0.2080529125087027
0 0.463623 0.514373 0.037617 0.095893 0.39104200510559295
