0 0.496812 0.520747 0.035201 0.110240 0.3405662566720817
0 0.973188 0.716680 0.052013 0.561307 0.051288001856579245
0 0.807581 0.718813 0.233744 0.486907 0.08946391274077511
0 0.702701 0.613933 0.172150 0.333307 0.12961243908099326
0 0.661743 0.572800 0.145644 0.223200 0.1713854722673474
0 0.629207 0.543547 0.120201 0.189493 0.21327454165699694
0 0.597673 0.522080 0.088937 0.114933 0.29763286145277323
0 0.438245 0.492387 0.015024 0.035280 0.9019494082153632
0 0.405258 0.515680 0.027214 0.064480 0.5066140635878393
0 0.566043 0.502173 0.064082 0.083440 0.421675562775586
0 0.547818 0.496787 0.052077 0.065573 0.5002320724065908
0 0.390978 0.494480 0.023390 0.053013 0.7361336737061962
0 0.369058 0.492573 0.015411 0.040667 0.8291947087491296
