0 0.080346 0.705400 0.160692 0.379013 0.09503365049895567
0 0.173035 0.644973 0.232689 0.280400 0.12659549779531212
0 0.242597 0.611613 0.190539 0.244880 0.1524715711301926
0 0.270833 0.585653 0.138639 0.218453 0.18148062195404965
0 0.292198 0.569520 0.159662 0.190560 0.20828498491529354
0 0.297729 0.555267 0.108615 0.157680 0.2372940357391506
0 0.332403 0.547693 0.105725 0.135867 0.2649106521234625
0 0.338056 0.544453 0.109960 0.125547 0.29449988396379667
0 0.365443 0.527933 0.081514 0.112347 0.3467161754467393
0 0.373023 0.508893 0.084710 0.129573 0.37665351589695983
2 0.460797 0.503773 0.007649 0.063760 0.5691575771640751
0 0.603337 0.595293 0.079718 0.198800 0.17950800649802737
0 0.675350 0.548173 0.125419 0.165840 0.23880250638199113
0 0.592915 0.512693 0.066973 0.098827 0.4180784404734277
0 0.524066 0.513520 0.023205 0.058347 0.5733348804827105
