0 0.918551 0.745453 0.161288 0.503760 0.047458807147830115
0 0.305974 0.709160 0.191916 0.358907 0.11951728939429102
1 0.681494 0.528560 0.020169 0.174613 0.2571362265026688
0 0.685817 0.597267 0.093470 0.214907 0.17788349965189137
0 0.651912 0.563947 0.068285 0.149653 0.2442562079368763
0 0.446876 0.567080 0.064348 0.149307 0.2581805523323277
0 0.472742 0.547560 0.044791 0.112667 0.32107217451844977
0 0.631735 0.545333 0.047448 0.117493 0.3209561383151543
0 0.522073 0.523560 0.035612 0.079973 0.4835228591320492
0 0.586828 0.509680 0.037729 0.060587 0.6014156416802041
