0 0.822295 0.754680 0.353800 0.485307 0.06381991181248549
0 0.604730 0.576813 0.090185 0.244080 0.16964492921791596
0 0.216111 0.589267 0.213881 0.245787 0.15363193316314688
0 0.266268 0.567187 0.160475 0.208933 0.1841494546298445
0 0.273865 0.536560 0.126264 0.218347 0.21223021582733811
0 0.297424 0.549347 0.107794 0.140133 0.24158737526108146
0 0.344577 0.529933 0.096981 0.123227 0.2743095845903922
0 0.363925 0.528813 0.089622 0.120240 0.30041773033186353
0 0.363643 0.512680 0.072134 0.118533 0.32815038291947085
0 0.371566 0.512373 0.089444 0.109547 0.35623114411696444
0 0.401486 0.482040 0.059461 0.092080 0.5256440009282896
2 0.467085 0.481360 0.005346 0.046400 0.7782548155024366
0 0.547371 0.525360 0.038833 0.101173 0.3282664191227663
0 0.513317 0.487293 0.017890 0.045787 0.721165003481086
