0 0.484126 0.500600 0.019718 0.062160 0.5823857043397539
0 0.384018 0.585573 0.076184 0.184640 0.20051055929449987
0 0.858410 0.750627 0.281570 0.493413 0.043629612439080985
0 0.713591 0.722973 0.228647 0.511013 0.09503365049895567
0 0.623241 0.610533 0.103680 0.305013 0.1408679508006498
0 0.562150 0.548507 0.058406 0.147093 0.25272685077744256
0 0.527850 0.515320 0.028406 0.082427 0.4304943142260385
0 0.546868 0.532387 0.043398 0.122320 0.31213738686470177
0 0.315487 0.529613 0.061200 0.074000 0.4828266419122766
0 0.237564 0.532280 0.068913 0.077253 0.482130424692504
0 0.514658 0.499453 0.019525 0.054213 0.6449292179159897
1 0.670447 0.546600 0.028172 0.264347 0.15792527268507772
