0 0.868808 0.748293 0.260773 0.498080 0.05372476212578324
0 0.383792 0.593933 0.106538 0.316827 0.15630076583894176
0 0.096598 0.785573 0.193196 0.423520 0.027268507774425618
0 0.633205 0.594720 0.090982 0.182453 0.20051055929449987
0 0.716578 0.673933 0.159469 0.330747 0.13007658389417498
0 0.462605 0.522587 0.028849 0.088747 0.4072870735669529
0 0.420652 0.568667 0.063124 0.170613 0.22151311209097235
0 0.609416 0.564653 0.056916 0.143653 0.25852866094221394
0 0.585672 0.539987 0.043841 0.105413 0.33627291715015084
0 0.571292 0.527840 0.036755 0.090133 0.39127407751218374
