0 0.494344 0.562733 0.042585 0.118000 0.2888141100023207
0 0.121019 0.759893 0.242037 0.474880 0.07867254583430029
0 0.226864 0.682480 0.183116 0.356480 0.11325133441633789
0 0.326345 0.588653 0.116071 0.176613 0.20178695753074957
1 0.744799 0.670373 0.054750 0.383467 0.1004873520538408
0 0.492025 0.532760 0.027367 0.083707 0.4349036899512647
0 0.038357 0.570867 0.076715 0.191547 0.19447667672313762
0 0.113353 0.569480 0.097705 0.123173 0.2581805523323277
0 0.193176 0.595800 0.129589 0.200133 0.19389649570666048
0 0.272407 0.558000 0.072931 0.139413 0.26676723137618935
1 0.154380 0.534747 0.017713 0.138773 0.294847992573683
1 0.213390 0.530147 0.007246 0.088507 0.38477605012763977
