0 0.485527 0.511960 0.024195 0.076240 0.47864933859364117
0 0.899758 0.758440 0.198873 0.477787 0.021466697609654212
0 0.796212 0.740387 0.300539 0.513893 0.07635182176839174
1 0.625866 0.534307 0.019058 0.175600 0.21362265026688326
0 0.575938 0.553147 0.065451 0.159200 0.23485727546994659
0 0.550572 0.536507 0.042754 0.125227 0.2961243908099327
0 0.528873 0.502280 0.025024 0.080987 0.5089347876537479
0 0.285511 0.580667 0.073824 0.136853 0.2534230679972151
0 0.324867 0.551173 0.056739 0.117227 0.3195637038756092
0 0.359473 0.528867 0.042182 0.088880 0.4082153631933163
