0 0.938209 0.552147 0.121973 0.321787 0.13030865630076582
0 0.881127 0.538480 0.165056 0.229547 0.16500348108609886
0 0.805535 0.529240 0.124517 0.185200 0.19760965421211418
0 0.863293 0.742627 0.271804 0.509413 0.042933395219308425
0 0.705870 0.676413 0.173961 0.351707 0.1112787189603156
0 0.236381 0.724240 0.248317 0.481600 0.09723833836156881
0 0.762267 0.512173 0.104114 0.152827 0.23137618937108378
0 0.700129 0.485853 0.109227 0.151707 0.26618705035971224
0 0.400113 0.554613 0.071320 0.186560 0.22394987236017636
0 0.423796 0.530320 0.057351 0.136107 0.28951032722209324
