0 0.847246 0.778733 0.303897 0.437200 0.048735205384079834
0 0.373269 0.592280 0.059195 0.157947 0.2484335112555117
0 0.135056 0.769107 0.270113 0.456453 0.0613831515432815
0 0.693563 0.718653 0.177850 0.400613 0.10814574147133905
0 0.590286 0.612067 0.083663 0.206587 0.18472963564632164
0 0.552134 0.571320 0.060982 0.155760 0.2384543977721049
0 0.533003 0.568333 0.047085 0.116133 0.31004873520538406
0 0.393430 0.570547 0.045636 0.114480 0.31585054537015544
0 0.411006 0.550213 0.030548 0.079307 0.4345555813413785
0 0.631703 0.514307 0.054630 0.089307 0.5304014852634021
