0 0.489638 0.531880 0.045040 0.121253 0.27419354838709675
0 0.163591 0.765533 0.327182 0.463600 0.056393594801578094
0 0.058438 0.769520 0.116876 0.455627 0.08087723369691342
0 0.135841 0.683120 0.171538 0.332427 0.11800881875145044
0 0.292009 0.573240 0.111602 0.173467 0.2034114643768856
0 0.319895 0.550000 0.101981 0.161120 0.23741007194244604
0 0.358756 0.531667 0.074726 0.101253 0.32896263634253886
0 0.439239 0.531293 0.040926 0.097893 0.3221165003481086
0 0.396135 0.505933 0.063929 0.082533 0.4476676723137618
0 0.577444 0.558533 0.064533 0.156053 0.2204687862613135
1 0.624803 0.512400 0.012617 0.148213 0.2732652587607333
0 0.053519 0.572680 0.107037 0.155120 0.22302158273381292
0 0.491353 0.508640 0.028712 0.086773 0.4155256440009283
0 0.232939 0.514493 0.055572 0.087493 0.39255047574843344
