0 0.697093 0.694240 0.186103 0.456960 0.09979113483406822
0 0.100805 0.731147 0.201610 0.471093 0.08563471803202598
0 0.133909 0.643627 0.267818 0.342240 0.11603620329542816
0 0.171300 0.594053 0.199895 0.329333 0.14400092828962635
0 0.221035 0.590347 0.157738 0.198613 0.17405430494314225
0 0.298551 0.572387 0.132738 0.166267 0.20631236945927128
0 0.327186 0.560920 0.118961 0.157307 0.23184033418426547
0 0.333973 0.544013 0.092762 0.150213 0.2603852401949408
0 0.345081 0.530533 0.112367 0.136373 0.28776978417266186
0 0.368728 0.525520 0.078921 0.103360 0.3448595961940125
0 0.391691 0.498253 0.068969 0.106373 0.45660245996750987
2 0.465141 0.495947 0.006224 0.053280 0.6796240427013228
0 0.564726 0.555613 0.049549 0.131547 0.2595729867718728
0 0.624915 0.518893 0.090556 0.123173 0.318983522859132
0 0.575411 0.504853 0.055668 0.082773 0.4973311673242051
0 0.518064 0.501760 0.020024 0.050773 0.6529357159433743
