1 0.851051 0.672267 0.072729 0.599947 0.06892550475748434
1 0.872307 0.675053 0.057593 0.575493 0.06973775818055232
1 0.533386 0.458413 0.015837 0.162320 0.24193548387096775
1 0.243209 0.529853 0.031264 0.323227 0.13471803202599208
1 0.426936 0.516133 0.024259 0.208800 0.1636110466465537
1 0.456852 0.508280 0.024734 0.222853 0.16778834996518913
1 0.693812 0.557173 0.044807 0.326507 0.11580413088883731
1 0.396542 0.481213 0.021924 0.208187 0.2021350661406359
1 0.391465 0.471107 0.018969 0.190107 0.21466697609654212
1 0.360882 0.473160 0.024179 0.197893 0.2077048038988164
1 0.358116 0.473000 0.022738 0.203707 0.19877001624506843
1 0.487750 0.445293 0.011409 0.143973 0.29380366674402414
1 0.527657 0.459387 0.015829 0.141227 0.29032258064516125
