0 0.122750 0.784440 0.245499 0.425787 0.058598282664191224
0 0.812037 0.601960 0.230692 0.361840 0.11893710837781386
0 0.288398 0.663480 0.159420 0.330800 0.12798793223485727
0 0.379195 0.596253 0.076892 0.183653 0.20051055929449987
0 0.407609 0.556907 0.059066 0.139680 0.2584126247389185
0 0.568144 0.546920 0.052295 0.153520 0.2530749593873288
0 0.765403 0.540080 0.202705 0.215307 0.16755627755859825
0 0.428583 0.522720 0.036634 0.107733 0.37386864701786954
0 0.433048 0.514093 0.043873 0.081840 0.43188674866558363
0 0.266469 0.498933 0.050797 0.056267 0.6690647482014388
0 0.584811 0.532640 0.057158 0.119467 0.3036667440241355
0 0.617363 0.512800 0.059219 0.109760 0.3468322116500348
