0 0.091920 0.677360 0.183841 0.639947 0.07577164075191459
0 0.835986 0.767533 0.326417 0.459600 0.058714318867486646
0 0.103007 0.615347 0.206014 0.455493 0.10199582269668135
0 0.161518 0.621773 0.229702 0.305147 0.12694360640519842
0 0.205310 0.577467 0.219364 0.265173 0.15734509166860058
0 0.312468 0.537027 0.125902 0.150693 0.24611278718960314
0 0.349948 0.508813 0.095370 0.147013 0.3022743095845904
0 0.566151 0.540893 0.054686 0.135333 0.26340218148062194
0 0.666655 0.652507 0.153035 0.341547 0.12334648410304015
0 0.540523 0.505653 0.035539 0.101920 0.38872128103968434
0 0.381659 0.504080 0.078986 0.095787 0.39185425852866096
