1 0.917758 0.652187 0.162874 0.690293 0.04420979345555813
2 0.292649 0.561773 0.048019 0.258693 0.16790438616848455
2 0.314714 0.546387 0.040411 0.209040 0.20085866790438614
1 0.093277 0.580520 0.026167 0.236080 0.16256672081689486
1 0.925765 0.672400 0.134187 0.649867 0.06289162218612207
1 0.781578 0.750320 0.055395 0.373493 0.07588767695521002
1 0.815914 0.743787 0.048881 0.369547 0.07669993037827802
2 0.508820 0.518800 0.034388 0.125707 0.33279183105128796
1 0.746272 0.519173 0.018309 0.155147 0.24448828034346715
0 0.360233 0.507013 0.060338 0.068693 0.4858435831979577
