2 0.641240 0.579600 0.049227 0.222560 0.18821072174518447
2 0.390157 0.653173 0.067979 0.364800 0.11232304478997446
1 0.479147 0.544920 0.012077 0.101680 0.3942910187978649
1 0.008064 0.561680 0.016127 0.177227 0.24506846135994428
1 0.021377 0.567627 0.020934 0.153493 0.24205152007426314
2 0.447279 0.534147 0.027456 0.105093 0.39614759805059174
1 0.153575 0.561800 0.016908 0.159440 0.2611974936180088
1 0.139545 0.560973 0.015564 0.135547 0.26885588303550706
1 0.418527 0.531760 0.014493 0.118400 0.3326757948479926
1 0.445052 0.546920 0.011812 0.117893 0.334416337897424
