0 0.932927 0.558853 0.103551 0.136693 0.2839405894639127
0 0.881413 0.555467 0.100185 0.130027 0.27570201902993735
0 0.813869 0.554613 0.093293 0.140053 0.28115572058482247
0 0.498824 0.500760 0.027440 0.080880 0.4273613367370619
2 0.403631 0.530880 0.035733 0.177173 0.2271988860524483
2 0.432355 0.517800 0.039203 0.176613 0.23949872360176375
2 0.403233 0.493507 0.014565 0.088400 0.4412856811325133
1 0.154424 0.460320 0.012343 0.126293 0.34961708052912505
1 0.139171 0.509587 0.031659 0.213733 0.20051055929449987
2 0.847448 0.615613 0.149388 0.509467 0.09967509863077278
1 0.211522 0.486347 0.017101 0.143147 0.2996054769087955
1 0.182629 0.478107 0.016691 0.144960 0.29763286145277323
1 0.479968 0.592347 0.040709 0.357333 0.12346252030633557
1 0.510386 0.571920 0.040918 0.337493 0.12996054769087953
1 0.550918 0.592627 0.049533 0.390480 0.11406358783940589
1 0.948321 0.684173 0.072762 0.599653 0.07113019262009747
1 0.947649 0.661707 0.074106 0.521760 0.07890461824089115
1 0.735789 0.690280 0.098229 0.587440 0.07472731492225575
1 0.742174 0.671507 0.086538 0.547600 0.0811093061035043
1 0.766107 0.651600 0.065612 0.459093 0.0881875145045254
1 0.544903 0.616293 0.054155 0.423893 0.10245996750986307
