1 0.243543 0.692187 0.059581 0.604960 0.05500116036203295
1 0.191481 0.719453 0.165781 0.550427 0.04478997447203527
1 0.530870 0.542733 0.025233 0.239973 0.16952889301462054
1 0.388643 0.520840 0.017979 0.159973 0.25446739382687394
1 0.372874 0.519400 0.016103 0.151440 0.26224181944766767
1 0.511820 0.507667 0.016908 0.161733 0.2658389417498259
1 0.561638 0.544880 0.021473 0.232053 0.16686006033882572
1 0.592528 0.511627 0.022544 0.190507 0.2162914829426781
1 0.620350 0.490373 0.015564 0.166240 0.25121838013460196
0 0.458386 0.488933 0.030185 0.077653 0.47806915757716406
1 0.250201 0.568507 0.030064 0.251680 0.165583662102576
1 0.585785 0.536520 0.015032 0.193040 0.19888605244836388
