0 0.476486 0.545613 0.046997 0.126800 0.26351821768391737
0 0.160137 0.794573 0.320274 0.405520 0.043281503829194705
0 0.299444 0.712253 0.169114 0.408667 0.10489672777906706
0 0.359863 0.625360 0.098615 0.230773 0.1610582501740543
0 0.263506 0.602147 0.117899 0.191120 0.18194476676723137
0 0.436663 0.515080 0.030008 0.072507 0.4270132281271756
0 0.829903 0.783480 0.338583 0.427707 0.04803898816430725
0 0.655298 0.653760 0.145539 0.357760 0.11789278254815502
0 0.532049 0.535347 0.041441 0.102000 0.3276862381062891
1 0.575137 0.501280 0.010193 0.105227 0.38291947087491296
0 0.162424 0.537600 0.082657 0.102667 0.3235089347876537
0 0.476401 0.515507 0.029678 0.089200 0.4050823857043397
0 0.031860 0.582053 0.063720 0.155467 0.2097934555581341
