0 0.083514 0.736800 0.167029 0.456107 0.0844743559990717
0 0.116361 0.663427 0.232721 0.343333 0.11313529821304245
0 0.208663 0.601387 0.191224 0.244480 0.16581573450916684
0 0.243704 0.553253 0.176795 0.256267 0.19598514736597816
2 0.421481 0.535307 0.015797 0.118240 0.31155720584822466
0 0.954654 0.732813 0.089082 0.529040 0.05917846368066836
0 0.896783 0.729827 0.204823 0.453093 0.08760733348804826
0 0.827391 0.638520 0.236715 0.302587 0.12044557902065445
0 0.763422 0.601040 0.160242 0.243467 0.15061499187746577
0 0.714243 0.587200 0.173688 0.213333 0.17985611510791366
0 0.673728 0.571053 0.151659 0.164240 0.2135066140635878
0 0.655866 0.545720 0.121490 0.175013 0.24077512183801345
0 0.344106 0.536653 0.100692 0.109467 0.3237410071942446
0 0.364090 0.526680 0.084557 0.098213 0.35657925272685076
0 0.526731 0.520213 0.035250 0.086507 0.3932466929682061
0 0.510278 0.500733 0.020878 0.058907 0.56776514272453
