0 0.305334 0.653493 0.135950 0.269120 0.14759805059178463
0 0.145894 0.756613 0.291787 0.481440 0.08099326990020886
0 0.664054 0.544707 0.093148 0.182693 0.2106057089812021
0 0.374762 0.580333 0.078430 0.178267 0.21838013460199582
0 0.416288 0.559667 0.047697 0.120720 0.2925272685077744
0 0.430225 0.542373 0.040644 0.100907 0.3506614063587839
0 0.548865 0.532627 0.039324 0.109947 0.3443954513808308
0 0.666304 0.509760 0.122689 0.137067 0.25864469714550936
0 0.563478 0.526347 0.046039 0.091413 0.39336272917150145
0 0.591047 0.509373 0.047890 0.086160 0.4379206312369459
0 0.524179 0.474107 0.031610 0.034453 0.8657461127871895
