0 0.497114 0.524760 0.040008 0.125307 0.3021582733812949
0 0.289726 0.575240 0.082625 0.149147 0.23694592712926432
0 0.711304 0.593533 0.175024 0.288987 0.13750290090508238
0 0.621598 0.542907 0.115113 0.162507 0.21524715711301926
0 0.607428 0.530507 0.092858 0.137173 0.25910884195869105
0 0.599046 0.510213 0.078704 0.127467 0.3035507078208401
0 0.552142 0.497560 0.056779 0.074853 0.4673938268739847
0 0.327363 0.509307 0.044791 0.087627 0.45532606173126017
0 0.351643 0.505080 0.034815 0.072667 0.5286609422139708
0 0.402375 0.489973 0.021820 0.042507 0.7986771872824321
0 0.303225 0.501947 0.027850 0.062827 0.5427013228127175
0 0.100882 0.512773 0.033309 0.071893 0.486191691807844
