0 0.950354 0.677387 0.097681 0.639893 0.010907403109770246
0 0.816087 0.667013 0.366216 0.660640 0.07205848224646089
0 0.656522 0.624187 0.124670 0.322453 0.13413785100951497
1 0.580403 0.512787 0.017713 0.147867 0.29241123230447896
1 0.584968 0.510707 0.017713 0.141680 0.3001856579252727
0 0.427633 0.514587 0.031031 0.099573 0.44291018797864934
1 0.513140 0.500600 0.009936 0.079440 0.5071942446043165
0 0.301550 0.612107 0.101989 0.218453 0.18020422371779993
0 0.125990 0.747413 0.251981 0.499840 0.0967741935483871
1 0.348833 0.540813 0.012077 0.101893 0.34242283592480854
