0 0.496828 0.524387 0.034622 0.108453 0.3459039220236713
0 0.040966 0.630813 0.081932 0.266213 0.13378974239962865
0 0.848205 0.703267 0.229163 0.530427 0.08493850081225342
0 0.748422 0.620627 0.184074 0.321360 0.12659549779531212
0 0.663861 0.581027 0.141747 0.221893 0.16686006033882572
0 0.624183 0.551813 0.113422 0.194613 0.20584822464608954
0 0.610870 0.539360 0.103462 0.147840 0.24773729403573916
0 0.593088 0.525133 0.090507 0.135760 0.2892782548155024
0 0.578502 0.511507 0.072126 0.090640 0.37189603156184725
0 0.426634 0.504040 0.019791 0.048027 0.6703411464376885
0 0.541369 0.493480 0.045491 0.056667 0.5760037131585054
0 0.401506 0.493680 0.020531 0.047787 0.8131817126943606
