0 0.624960 0.613080 0.117633 0.303653 0.14434903689951262
0 0.090725 0.740040 0.181449 0.439760 0.08830355070782084
0 0.141019 0.667973 0.239992 0.316853 0.11742863773497329
0 0.186566 0.623440 0.237560 0.268960 0.1470178695753075
0 0.238704 0.602613 0.169678 0.200000 0.1767231376189371
0 0.579899 0.568240 0.071957 0.160427 0.21559526572290552
0 0.547226 0.528773 0.041216 0.122080 0.3196797400789046
0 0.362057 0.523027 0.069251 0.125627 0.36191691807844045
0 0.393438 0.526080 0.060725 0.079040 0.4242283592480854
0 0.527041 0.512000 0.024871 0.067947 0.47911348340682286
