0 0.504670 0.566853 0.052512 0.165173 0.23520538407983288
0 0.809710 0.678400 0.212689 0.460320 0.09793455558134137
0 0.627415 0.560813 0.095105 0.167920 0.22557437920631238
0 0.586638 0.537227 0.078929 0.112640 0.30239034578788576
0 0.284545 0.592587 0.097931 0.194133 0.2104896727779067
0 0.396019 0.531587 0.045370 0.095333 0.4053144581109306
0 0.169171 0.604427 0.131111 0.176960 0.22278951032722208
0 0.247419 0.556427 0.074501 0.150667 0.294035739150615
0 0.453390 0.509147 0.029147 0.054347 0.6301926200974703
0 0.331429 0.531893 0.051087 0.090347 0.4177303318635414
0 0.395564 0.518453 0.041820 0.060480 0.5638199118124855
0 0.033035 0.592613 0.066071 0.171200 0.204339754003249
0 0.051936 0.550653 0.103873 0.114427 0.32246460895799484
0 0.519750 0.500680 0.018229 0.049947 0.6805523323276862
0 0.545705 0.490133 0.020362 0.039573 0.8785100951496866
0 0.257097 0.530907 0.062456 0.087787 0.4032258064516129
