0 0.491969 0.504253 0.022746 0.071653 0.5077744256207937
0 0.696912 0.685307 0.187512 0.403947 0.1067533070317939
0 0.053253 0.659573 0.106506 0.229120 0.16291482942678112
0 0.624791 0.596667 0.098776 0.245173 0.16268275702019028
1 0.589960 0.508520 0.013076 0.120080 0.31039684381527033
0 0.556727 0.525587 0.044420 0.113360 0.3203759572986772
0 0.528345 0.494787 0.021473 0.068827 0.5945695056857739
0 0.343140 0.548320 0.048245 0.097707 0.34045022046878626
0 0.365443 0.535573 0.039372 0.090400 0.4061267115339986
0 0.387903 0.516987 0.032472 0.072213 0.4948944070550011
