0 0.844352 0.697000 0.309686 0.600667 0.045718264098398693
0 0.696051 0.643880 0.201795 0.503600 0.10733348804827106
0 0.619489 0.583387 0.091538 0.242667 0.1713854722673474
1 0.564557 0.503387 0.013156 0.129867 0.33221165003481085
1 0.563450 0.506667 0.011538 0.125013 0.3394058946391274
0 0.433321 0.509960 0.028253 0.091760 0.4787653747969366
1 0.506638 0.496760 0.006981 0.074640 0.5396843815270363
0 0.334368 0.585067 0.079589 0.177173 0.21559526572290552
0 0.097262 0.762080 0.194525 0.470507 0.07031793919702946
0 0.219674 0.661667 0.175386 0.340667 0.1321652355534927
1 0.366244 0.528907 0.009122 0.090827 0.38338361568809465
