0 0.501023 0.531787 0.045797 0.143360 0.26665119517289393
0 0.754758 0.645653 0.201932 0.375573 0.10640519842190763
0 0.689718 0.583947 0.149549 0.254027 0.14991877465769318
0 0.659573 0.538267 0.117552 0.206400 0.19575307495938732
0 0.573132 0.507173 0.072464 0.098987 0.35924808540264563
0 0.546711 0.487813 0.046675 0.063360 0.5667208168948712
0 0.276675 0.526013 0.066602 0.118000 0.3448595961940125
0 0.316618 0.517507 0.047568 0.092827 0.4191227663030865
0 0.348039 0.513880 0.035998 0.063813 0.4988396379670457
0 0.392262 0.493133 0.027842 0.049520 0.6891390113715479
0 0.260636 0.514840 0.039597 0.079067 0.4345555813413785
0 0.005922 0.525013 0.011844 0.090933 0.37920631236945923
