0 0.604638 0.591720 0.086377 0.196080 0.18090044093757252
0 0.048752 0.787867 0.097504 0.424267 0.023787421675562772
0 0.321115 0.610587 0.120475 0.269333 0.1500348108609886
0 0.533659 0.512187 0.033180 0.082293 0.4220236713854722
0 0.137661 0.614227 0.164018 0.246640 0.15432815038291947
0 0.380753 0.556707 0.067625 0.151440 0.2421675562775586
0 0.286824 0.559720 0.070378 0.127760 0.2736133673706196
0 0.337907 0.535240 0.044525 0.090213 0.37874216755627754
0 0.429183 0.510787 0.025886 0.062053 0.5133441633789743
0 0.483800 0.503600 0.020789 0.064640 0.5711301926200975
0 0.505217 0.492853 0.011916 0.039787 0.8317475052216292
