0 0.130918 0.754933 0.261836 0.484800 0.026224181944766764
0 0.906981 0.751413 0.184428 0.491840 0.01961011835692736
0 0.275499 0.665840 0.153253 0.326453 0.12787189603156182
0 0.349706 0.594440 0.098994 0.207760 0.1886748665583662
0 0.811469 0.511093 0.095064 0.177013 0.23590160129960544
0 0.730326 0.521587 0.086111 0.144613 0.25353910420051057
0 0.695201 0.511107 0.073333 0.130160 0.28370851705732186
0 0.680648 0.515773 0.074452 0.114640 0.3209561383151543
0 0.662862 0.502600 0.072279 0.107813 0.3550707820840102
0 0.566345 0.550987 0.056795 0.147093 0.26467857971687164
0 0.414191 0.539307 0.051055 0.119947 0.3184033418426549
0 0.602846 0.491640 0.055338 0.081253 0.4887444882803434
