0 0.495173 0.551093 0.042971 0.117387 0.2863773497331167
0 0.269255 0.622693 0.168027 0.267360 0.1376189371083778
0 0.316401 0.586000 0.127005 0.214400 0.17254583430030168
0 0.362991 0.551133 0.090620 0.132240 0.2609654212114179
1 0.653784 0.587840 0.035427 0.240853 0.15630076583894176
0 0.919610 0.626600 0.159171 0.322907 0.13170109074031097
0 0.491594 0.516027 0.026779 0.080907 0.44395451380830814
0 0.104956 0.531107 0.120105 0.156293 0.25330703179391967
0 0.184767 0.527827 0.071031 0.095067 0.3180552332327686
1 0.209944 0.501867 0.013688 0.114613 0.35530285449060106
1 0.249960 0.501453 0.009130 0.077040 0.4410536087259224
