0 0.066763 0.635707 0.133527 0.411093 0.09596194012531908
0 0.164018 0.620667 0.291868 0.305067 0.12392666511951728
0 0.683184 0.690400 0.188269 0.387307 0.10860988628452076
0 0.759396 0.586133 0.161723 0.207573 0.16477140867950799
0 0.690250 0.558800 0.158019 0.164320 0.21489904850313296
0 0.309855 0.532933 0.130354 0.152853 0.2418194476676723
0 0.520700 0.493173 0.020773 0.050827 0.6104664655372476
0 0.414231 0.488200 0.056224 0.068613 0.5367834764446506
0 0.582890 0.508200 0.063671 0.079600 0.4419818983522859
0 0.373575 0.517893 0.087552 0.107893 0.3250174054304943
0 0.625495 0.516627 0.080233 0.110587 0.3308192155952657
