0 0.974529 0.776427 0.049332 0.441813 0.010675330703179392
0 0.764014 0.731040 0.238736 0.501760 0.08180552332327685
0 0.178696 0.694107 0.176586 0.321387 0.13460199582269666
0 0.384444 0.545453 0.036892 0.087387 0.39626363425388716
0 0.536626 0.509080 0.031691 0.082053 0.438500812253423
0 0.399622 0.534640 0.032254 0.072000 0.46159201670921324
0 0.131051 0.576013 0.058913 0.075387 0.4868879090276166
0 0.164698 0.570067 0.053196 0.073520 0.4858435831979577
0 0.197182 0.563893 0.056312 0.079467 0.4795776282200046
0 0.234537 0.564880 0.049428 0.079307 0.4816662798793223
