0 0.524630 0.626480 0.093543 0.292533 0.14156416802042235
0 0.633333 0.541280 0.102190 0.157440 0.242283592480854
0 0.586324 0.524347 0.060749 0.099147 0.36725458343003015
0 0.566264 0.515973 0.054412 0.074400 0.445811093061035
0 0.282029 0.593067 0.087246 0.165973 0.22406590856347178
0 0.093595 0.637960 0.165048 0.210160 0.17869575307495938
0 0.430294 0.512800 0.028977 0.064107 0.5605708981202134
0 0.471743 0.499280 0.021538 0.049653 0.7458807147830122
0 0.309952 0.545347 0.060354 0.098267 0.36911116268275695
0 0.340857 0.525800 0.041957 0.097787 0.4404734277094453
0 0.383519 0.514760 0.035797 0.066213 0.558018101647714
0 0.428833 0.510480 0.032576 0.047573 0.7088651659317707
0 0.214469 0.539347 0.063833 0.100240 0.35124158737526107
0 0.203567 0.523347 0.068277 0.074320 0.4773729403573915
