0 0.575068 0.559187 0.065580 0.164080 0.23682989092596887
0 0.098200 0.804360 0.196401 0.385947 0.0478069157577164
0 0.860648 0.550520 0.252150 0.235920 0.15386400556973776
0 0.789432 0.497373 0.187158 0.242267 0.19053144581109308
0 0.345000 0.560720 0.060837 0.140533 0.28707356695288927
0 0.222271 0.650120 0.134557 0.246373 0.15885356231144115
0 0.702850 0.503747 0.127633 0.148613 0.26131352982130424
0 0.390515 0.532800 0.038068 0.088373 0.4173822232536551
0 0.944762 0.452320 0.108865 0.122720 0.33360408447435597
0 0.904231 0.441160 0.110298 0.099387 0.3710837781387793
