0 0.098680 0.771600 0.197359 0.451467 0.05917846368066836
0 0.588756 0.573013 0.083132 0.202987 0.19320027848688787
0 0.199626 0.565693 0.136626 0.163973 0.2172197725690415
0 0.699026 0.684147 0.173833 0.380293 0.10559294499883963
0 0.564199 0.541920 0.052262 0.144320 0.2658389417498259
0 0.374094 0.548253 0.058849 0.133627 0.27071246228823387
0 0.397061 0.522773 0.045089 0.124693 0.3338361568809468
0 0.839328 0.759267 0.319734 0.476133 0.055117196565328375
0 0.417194 0.515973 0.035048 0.100427 0.40090508238570427
0 0.439287 0.495933 0.018172 0.038800 0.8050591784636806
