0 0.476940 0.550133 0.047279 0.128213 0.26200974704107677
0 0.056767 0.760600 0.113535 0.473467 0.08540264562543513
0 0.177122 0.793013 0.354243 0.408640 0.06068693432350893
0 0.327729 0.677053 0.134348 0.337573 0.12241819447667672
0 0.371047 0.611693 0.086329 0.205147 0.17857971687166396
0 0.281059 0.593347 0.109122 0.173307 0.19865398004177304
0 0.436135 0.517120 0.028325 0.069653 0.4445346948247853
0 0.811880 0.771853 0.374630 0.450960 0.06602459967509863
0 0.628253 0.627600 0.120467 0.302933 0.1358783940589464
0 0.528281 0.537187 0.039815 0.097040 0.34532374100719426
1 0.568506 0.503507 0.007512 0.100560 0.40055697377581806
0 0.176002 0.540080 0.076385 0.097920 0.3403341842654908
0 0.476043 0.524560 0.029670 0.089760 0.4027616616384312
0 0.045238 0.585227 0.090475 0.153333 0.22661870503597123
