0 0.499396 0.537307 0.042931 0.134453 0.2830122998375493
0 0.055266 0.773387 0.110531 0.409173 0.081573450916686
0 0.883655 0.719253 0.231079 0.556160 0.07089812021350661
0 0.678229 0.592840 0.156506 0.249520 0.14922255743792062
0 0.650060 0.558107 0.121924 0.191360 0.19203991645393362
0 0.629247 0.532947 0.098156 0.165360 0.23891854258528658
0 0.563973 0.509453 0.065435 0.088187 0.40218148062195397
0 0.542532 0.493813 0.043519 0.059093 0.6090740310977024
0 0.300366 0.522120 0.056256 0.104293 0.38686470178695753
0 0.332899 0.520773 0.041562 0.083627 0.46252030633557667
0 0.358732 0.518040 0.032005 0.059067 0.5423532142028312
0 0.396167 0.501267 0.026908 0.046427 0.7327686238106288
0 0.280608 0.518840 0.033857 0.071973 0.47679275934091436
0 0.042287 0.528213 0.035523 0.084160 0.4199350197261545
