0 0.654219 0.635587 0.149646 0.371973 0.12160594105360872
0 0.042081 0.769667 0.084163 0.455333 0.06532838245532606
0 0.106192 0.718880 0.212383 0.403947 0.0943374332791831
0 0.137359 0.655027 0.274718 0.324027 0.12369459271292642
0 0.201667 0.624133 0.199291 0.232587 0.15351589695985146
0 0.592371 0.580493 0.083245 0.182640 0.19238802506381988
0 0.552778 0.532520 0.045089 0.132400 0.2962404270132281
0 0.341417 0.544173 0.110242 0.131707 0.2792991413320956
0 0.353728 0.524653 0.074541 0.134533 0.33847760501276397
0 0.388635 0.526627 0.064469 0.083600 0.40113715479229517
0 0.529907 0.513387 0.026465 0.071573 0.45602227895103264
