0 0.075378 0.748200 0.150757 0.498267 0.04850313297748897
0 0.799235 0.728227 0.321481 0.538213 0.07739614759805058
0 0.212649 0.704147 0.209791 0.432133 0.11151079136690646
0 0.645197 0.593360 0.134372 0.272213 0.14678579716871662
0 0.550918 0.500933 0.042899 0.134560 0.3231608261777675
0 0.543192 0.511387 0.039541 0.103627 0.3564632165235553
0 0.519364 0.499000 0.026667 0.070160 0.4860756556045486
0 0.413213 0.517187 0.026506 0.061680 0.5158969598514737
0 0.501027 0.498080 0.031039 0.070027 0.5656764910652123
0 0.477170 0.497013 0.022987 0.049067 0.7074727314922256
