0 0.481401 0.516600 0.030064 0.090800 0.41854258528660937
0 0.120004 0.766773 0.240008 0.466453 0.04919935019726154
0 0.053543 0.697187 0.107085 0.359120 0.09619401253190994
0 0.263394 0.575720 0.091216 0.156240 0.22650266883267578
0 0.367786 0.596973 0.089485 0.190587 0.19145973543745648
0 0.330217 0.543320 0.054622 0.105893 0.33430030169412855
0 0.401224 0.538267 0.042738 0.091467 0.37154792295196104
0 0.072556 0.593893 0.145113 0.197973 0.19737758180552334
0 0.229195 0.544560 0.068535 0.101867 0.322232536551404
0 0.277927 0.521000 0.053132 0.095280 0.40775121838013456
