1 0.477786 0.554747 0.016103 0.143680 0.27477372940357386
1 0.492267 0.547440 0.016932 0.148373 0.2772104896727779
1 0.236316 0.708267 0.064646 0.500160 0.0844743559990717
1 0.260330 0.604840 0.030161 0.243973 0.16627987932234856
0 0.128881 0.663400 0.257762 0.662533 0.025411928521698768
1 0.242870 0.610347 0.042343 0.268107 0.15792527268507772
1 0.650902 0.615973 0.043977 0.354667 0.11870503597122302
1 0.855487 0.654373 0.074630 0.464747 0.09294499883963796
1 0.280081 0.580560 0.023671 0.177067 0.22511023439313063
1 0.409352 0.547440 0.012939 0.138133 0.2961243908099327
0 0.334517 0.563080 0.088873 0.234213 0.22940357391506147
