1 0.638716 0.701413 0.085612 0.586507 0.07008586679043861
1 0.594859 0.672547 0.051264 0.470693 0.08586679043861685
1 0.459634 0.652720 0.050459 0.440587 0.0927129264330471
1 0.363116 0.619240 0.044283 0.361093 0.11267115339986075
1 0.540523 0.603280 0.044283 0.354773 0.1198653980041773
1 0.428176 0.576680 0.036498 0.311493 0.13657461127871895
1 0.462649 0.633147 0.040821 0.359200 0.10721745184497562
1 0.458599 0.550920 0.054267 0.278373 0.15305175214666975
1 0.489843 0.592293 0.041602 0.337920 0.11974936180088187
0 0.387786 0.546133 0.075491 0.183520 0.21605941053608727
