0 0.089513 0.798973 0.179026 0.396720 0.04107681596658157
0 0.863225 0.630440 0.271940 0.448613 0.10060338825713622
0 0.254114 0.698227 0.198245 0.397360 0.11011835692736133
0 0.370101 0.604760 0.086900 0.203333 0.18287305639359477
0 0.404638 0.562333 0.064895 0.151280 0.24031097702483173
0 0.576059 0.549333 0.055081 0.166933 0.23462520306335574
0 0.802424 0.550173 0.233076 0.243547 0.1491065212346252
0 0.425785 0.525227 0.039010 0.113493 0.35576699930378275
0 0.432536 0.513800 0.045556 0.085573 0.4140171733580877
0 0.300330 0.496813 0.050193 0.056560 0.6647714086795079
0 0.592331 0.533307 0.059863 0.127360 0.2855650963100487
0 0.626312 0.511307 0.062142 0.116160 0.32884660013924344
