0 0.927110 0.627573 0.144171 0.739520 0.05035971223021582
0 0.285447 0.619960 0.119171 0.258480 0.16430726386632627
0 0.256518 0.738333 0.281892 0.518000 0.09259689022975168
0 0.765338 0.457307 0.143478 0.172213 0.2630540728707357
0 0.855310 0.442840 0.070894 0.115333 0.37154792295196104
0 0.894839 0.444387 0.080773 0.104720 0.37595729867718725
0 0.380169 0.550093 0.053221 0.115813 0.3042469250406126
0 0.346965 0.577613 0.079308 0.169573 0.23671385472267345
0 0.563684 0.508133 0.042182 0.097440 0.3729403573915061
0 0.400837 0.531707 0.039517 0.098400 0.3757252262705964
0 0.505362 0.514920 0.028873 0.073787 0.5039452309120445
0 0.573418 0.505027 0.071151 0.083067 0.4217915989788814
0 0.487464 0.480627 0.032625 0.041680 0.9147133905778602
