0 0.072001 0.710400 0.144002 0.431520 0.08505453701554884
0 0.130157 0.667427 0.260314 0.339920 0.11023439313065675
0 0.164513 0.615307 0.241377 0.268800 0.13843119053144579
0 0.868374 0.747733 0.261643 0.499200 0.040844743559990716
0 0.598905 0.593427 0.079807 0.181093 0.1981898352285913
0 0.257504 0.588960 0.160789 0.213813 0.16709213274541657
0 0.322721 0.549533 0.100370 0.153893 0.2513344163378974
0 0.648885 0.555427 0.104887 0.113040 0.2819679740078904
0 0.362693 0.499827 0.084211 0.145413 0.3571594337433279
0 0.394489 0.514653 0.065757 0.073147 0.46936644233000696
0 0.410584 0.499693 0.058011 0.079813 0.5286609422139708
