0 0.373233 0.611853 0.105580 0.274160 0.15537247621257833
0 0.829706 0.775707 0.338977 0.443253 0.06126711533998607
0 0.633933 0.642893 0.121119 0.316080 0.1334416337897424
0 0.574348 0.577187 0.076071 0.197893 0.19586911116268274
0 0.406695 0.595667 0.062182 0.180720 0.21779995358551865
0 0.420982 0.553293 0.050274 0.127813 0.27697841726618705
0 0.552750 0.541147 0.053502 0.137280 0.27407751218380133
0 0.534577 0.525613 0.041280 0.108453 0.3308192155952657
0 0.444823 0.512160 0.029098 0.081387 0.45242515664887445
0 0.457238 0.497373 0.025974 0.087013 0.517637502900905
0 0.467222 0.496027 0.024348 0.073227 0.5865630076583893
