0 0.530487 0.531427 0.036691 0.086427 0.37282432118821074
0 0.342154 0.540133 0.105821 0.126080 0.29635646321652354
0 0.269670 0.584547 0.150934 0.181413 0.20027848688790903
0 0.681916 0.573107 0.147085 0.178320 0.2034114643768856
0 0.225427 0.598280 0.183108 0.205360 0.17126943606405196
0 0.171385 0.606413 0.240483 0.308240 0.14226038524019494
0 0.133257 0.669760 0.266514 0.339200 0.11174286377349733
0 0.107649 0.745947 0.215298 0.453493 0.08470642840566256
0 0.900523 0.707227 0.197343 0.441227 0.09085634718032025
0 0.961534 0.762493 0.075322 0.469680 0.06416802042237178
