2 0.846369 0.499093 0.084557 0.266613 0.15154328150382917
1 0.787311 0.477707 0.020934 0.171627 0.23346484103040147
1 0.228893 0.674253 0.090443 0.619493 0.05210025527964725
1 0.115934 0.662960 0.088841 0.642080 0.058598282664191224
1 0.196268 0.639760 0.093937 0.688480 0.055117196565328375
1 0.618571 0.533120 0.020668 0.236320 0.16535158969598512
2 0.785519 0.500427 0.072520 0.207680 0.18554188906938965
1 0.864436 0.522840 0.034895 0.293627 0.1379670457182641
1 0.884046 0.519093 0.036498 0.348640 0.12311441169644928
1 0.870636 0.537680 0.025765 0.278400 0.13123694592712926
