0 0.378772 0.542187 0.077544 0.175200 0.21153399860756555
2 0.739420 0.459520 0.054799 0.156320 0.2502900905082385
2 0.680238 0.460560 0.044082 0.135787 0.30714783012299834
1 0.436349 0.499867 0.022440 0.139093 0.29438384776050125
2 0.562778 0.469947 0.030419 0.093653 0.40879554420979336
1 0.341747 0.503933 0.017118 0.152133 0.2643304711069854
1 0.216510 0.529933 0.025370 0.120560 0.3170109074031097
1 0.209275 0.534293 0.025845 0.116000 0.3101647714086795
2 0.262967 0.532413 0.052166 0.155867 0.2488976560686934
1 0.290829 0.515013 0.016393 0.119200 0.29972151311209094
1 0.284948 0.521440 0.018366 0.143787 0.27987932234857277
1 0.350177 0.504827 0.011256 0.148747 0.2912508702715247
0 0.890499 0.433147 0.094026 0.090827 0.3983522859132049
