1 0.257359 0.490120 0.016103 0.131653 0.30877233696913436
1 0.335306 0.481040 0.011272 0.093600 0.4206312369459271
1 0.255612 0.463720 0.011272 0.098053 0.436876305407287
0 0.817170 0.546653 0.087174 0.128507 0.2780227430958459
0 0.881308 0.550013 0.097383 0.123013 0.27686238106289157
0 0.934183 0.551720 0.101039 0.124613 0.28417266187050355
1 0.277866 0.466640 0.010998 0.104480 0.4273613367370619
1 0.265640 0.469933 0.015692 0.091920 0.4252726850777442
1 0.049159 0.548253 0.033551 0.282213 0.13993966117428638
1 0.022025 0.528840 0.037303 0.286480 0.14864237642144348
1 0.438052 0.585520 0.044283 0.299840 0.12624738918542586
1 0.552967 0.567800 0.034356 0.318160 0.13460199582269666
2 0.330225 0.523960 0.027939 0.182587 0.22557437920631238
0 0.498889 0.495453 0.029050 0.075227 0.4374564864237642
1 0.243977 0.466427 0.010467 0.097387 0.4300301694128568
1 0.183510 0.467213 0.011546 0.117040 0.3588999767927593
1 0.863478 0.517467 0.019324 0.096747 0.41390113715479226
