0 0.831490 0.746053 0.335411 0.502560 0.057089812021350654
0 0.261884 0.699173 0.159066 0.311253 0.12972847528428869
0 0.597665 0.590733 0.086135 0.212667 0.17649106521234625
0 0.359589 0.582813 0.078052 0.183493 0.2377581805523323
0 0.407693 0.539093 0.036401 0.098027 0.39928057553956825
2 0.461743 0.506427 0.007480 0.060587 0.6963332559758644
2 0.471127 0.500640 0.007053 0.057120 0.6996983058714318
0 0.428732 0.522800 0.025306 0.060480 0.5857507542353213
0 0.517448 0.496360 0.015620 0.042533 0.825481550243676
0 0.543241 0.521400 0.039348 0.107280 0.3594801578092365
