0 0.463366 0.536920 0.037874 0.102533 0.32246460895799484
0 0.162617 0.790067 0.325233 0.414533 0.045254119285216984
0 0.315081 0.714960 0.179936 0.413333 0.10292411232304477
0 0.237536 0.596680 0.153929 0.236080 0.1717335808772337
0 0.328627 0.545253 0.094549 0.114667 0.2949640287769784
0 0.354255 0.530840 0.072601 0.110373 0.33093525179856115
0 0.382001 0.522160 0.064420 0.080533 0.40960779763286137
0 0.397951 0.517813 0.048333 0.071573 0.44372244140171735
0 0.561884 0.563800 0.064799 0.165733 0.21896031561847296
0 0.531341 0.531173 0.041506 0.103680 0.3265258760733349
0 0.123998 0.553973 0.101554 0.124853 0.2866094221397076
0 0.464010 0.516080 0.027810 0.081067 0.4432582965885356
