0 0.139058 0.768120 0.278116 0.458427 0.04478997447203527
0 0.324887 0.680120 0.139984 0.339333 0.1261313529821304
0 0.043394 0.798653 0.086787 0.397360 0.06335576699930377
0 0.762053 0.625267 0.324155 0.403013 0.10234393130656765
0 0.657979 0.572693 0.194654 0.219573 0.17184961708052912
0 0.243474 0.657867 0.127351 0.260427 0.16094221397075886
0 0.572935 0.522933 0.110700 0.151840 0.26386632629380363
0 0.520894 0.510813 0.027150 0.079387 0.46449292179159896
1 0.461518 0.486600 0.006176 0.050427 0.8474123926665119
1 0.464585 0.485747 0.005902 0.048933 0.8578556509631005
