0 0.490507 0.544520 0.045378 0.122587 0.27222093293107447
0 0.117214 0.747080 0.234428 0.500507 0.08749129728475284
0 0.242234 0.626413 0.190733 0.400027 0.12160594105360872
0 0.335495 0.580387 0.124871 0.178373 0.2022511023439313
0 0.350548 0.553987 0.108003 0.152133 0.24123926665119513
0 0.384670 0.528400 0.072979 0.100907 0.3312833604084474
0 0.407709 0.508080 0.062359 0.087520 0.40020886516593174
0 0.600817 0.563667 0.073357 0.158960 0.23508934787653749
0 0.546083 0.516827 0.030556 0.075947 0.4411696449292179
0 0.487609 0.507520 0.029678 0.085867 0.42005105592944997
0 0.041087 0.560733 0.082174 0.176133 0.19575307495938732
0 0.123523 0.525880 0.097947 0.148400 0.2773265258760733
