0 0.484605 0.533747 0.045636 0.122853 0.27071246228823387
0 0.101252 0.755360 0.202504 0.483947 0.06915757716407518
0 0.181711 0.677533 0.220620 0.388933 0.10779763286145276
0 0.315350 0.569453 0.116739 0.177253 0.19807379902529587
0 0.368535 0.535893 0.092287 0.135307 0.2663030865630076
0 0.419714 0.500400 0.061473 0.085173 0.4533534462752378
0 0.766027 0.715853 0.243921 0.433200 0.10350429333952192
0 0.569996 0.534360 0.049106 0.112187 0.30633557669993033
0 0.258772 0.536867 0.073663 0.120773 0.2679275934091436
0 0.491779 0.510093 0.030193 0.091227 0.39614759805059174
0 0.034626 0.559613 0.069251 0.148880 0.20631236945927128
0 0.180487 0.520667 0.077061 0.098187 0.32362497099094917
