0 0.467758 0.524520 0.038317 0.103227 0.318983522859132
0 0.055793 0.732960 0.111586 0.445387 0.08644697145509399
0 0.258209 0.768480 0.248897 0.457707 0.08018101647714086
0 0.365012 0.630427 0.118333 0.280907 0.13819911812485494
0 0.279022 0.568520 0.129879 0.191440 0.20631236945927128
0 0.345447 0.525573 0.085177 0.100907 0.33023903457878856
0 0.389823 0.506947 0.059485 0.073093 0.44650731028080753
0 0.551715 0.538347 0.054010 0.140427 0.25446739382687394
0 0.527500 0.513027 0.036723 0.092667 0.36249709909491756
0 0.163172 0.533307 0.083027 0.108693 0.321420283128336
0 0.464066 0.504493 0.027311 0.081040 0.44349036899512645
