0 0.504034 0.560773 0.053172 0.166667 0.23253655140403803
0 0.681896 0.591213 0.127351 0.243813 0.16082617776746344
0 0.612504 0.545133 0.098905 0.145627 0.23694592712926432
0 0.310262 0.569173 0.088430 0.166080 0.24274773729403573
0 0.069650 0.649813 0.139300 0.258400 0.15769320027848688
0 0.178631 0.576453 0.108277 0.197440 0.2298677187282432
0 0.416425 0.518067 0.043366 0.077040 0.45022046878626126
0 0.483716 0.485867 0.022085 0.055840 0.7299837549315386
0 0.300535 0.535813 0.067077 0.108587 0.34915293571594336
0 0.384585 0.519733 0.046562 0.068533 0.498375493153864
0 0.535153 0.487787 0.020306 0.047467 0.7148990485031329
0 0.210334 0.541173 0.081184 0.106080 0.3385936412160594
