2 0.443490 0.586973 0.043454 0.267440 0.15676491065212345
0 0.936477 0.731307 0.125435 0.532053 0.04420979345555813
0 0.680688 0.725120 0.244565 0.479147 0.09294499883963796
0 0.110741 0.716920 0.221481 0.379440 0.1190531445811093
0 0.537721 0.575747 0.097343 0.238320 0.17277790670689255
0 0.497037 0.556307 0.072899 0.165947 0.23137618937108378
0 0.264819 0.591507 0.067077 0.158053 0.23787421675562773
1 0.644891 0.536253 0.025499 0.219760 0.17765142724530053
0 0.287222 0.560693 0.049308 0.117227 0.3034346716175446
0 0.469380 0.539787 0.046473 0.114133 0.2918310512880018
